2018 Testbeam Scan1 timing data
 Module1    Module2    Module3    Module4    Module5
   0.989,     2.778,     0.443,    -0.703,    -0.199
   1.982,     3.771,     1.436,     0.290,     0.794
   2.975,     4.763,     2.429,     1.283,     1.787
   3.967,     5.756,     3.422,     2.276,     2.780
   4.960,     6.749,     4.415,     3.268,     3.773
   5.953,     7.742,     5.408,     4.261,     4.766
   6.946,     8.735,     6.400,     5.254,     5.758
   7.939,     9.728,     7.393,     6.247,     6.751
   8.932,    10.720,     8.386,     7.240,     7.744
   9.924,    11.713,     9.379,     8.233,     8.737
  10.917,    12.706,    10.372,     9.225,     9.730
  11.910,    13.699,    11.365,    10.218,    10.723
  12.903,    14.692,    12.357,    11.211,    11.715
  13.896,    15.685,    13.350,    12.204,    12.708
  14.889,    16.677,    14.343,    13.197,    13.701
  15.882,    17.670,    15.336,    14.190,    14.694
  16.874,    18.663,    16.329,    15.182,    15.687
  17.867,    19.656,    17.322,    16.175,    16.680
  18.860,    20.649,    18.314,    17.168,    17.672
  19.853,    21.642,    19.307,    18.161,    18.665
  20.846,    22.634,    20.300,    19.154,    19.658
  21.838,    23.627,    21.293,    20.147,    20.651
  22.831,    24.620,    22.286,    21.140,    21.644
  23.824,    25.613,    23.279,    22.132,    22.637
  24.817,    26.606,    24.271,    23.125,    23.629
  25.810,    27.599,    25.264,    24.118,    24.622
  26.803,    28.591,    26.257,    25.111,    25.615
  27.796,    29.584,    27.250,    26.104,    26.608
  28.788,    30.577,    28.243,    27.096,    27.601
  29.781,    31.570,    29.236,    28.089,    28.594
  30.774,    32.563,    30.229,    29.082,    29.586
  31.767,    33.556,    31.221,    30.075,    30.579
  32.760,    34.549,    32.214,    31.068,    31.572
  33.752,    35.541,    33.207,    32.061,    32.565
  34.745,    36.534,    34.200,    33.054,    33.558
  35.738,    37.527,    35.193,    34.046,    34.551
  36.731,    38.520,    36.186,    35.039,    35.544
  37.724,    39.513,    37.178,    36.032,    36.536
  38.717,    40.506,    38.171,    37.025,    37.529
  39.710,    41.498,    39.164,    38.018,    38.522
  40.702,    42.491,    40.157,    39.011,    39.515
  41.695,    43.484,    41.150,    40.003,    40.508
  42.688,    44.477,    42.143,    40.996,    41.501
  43.681,    45.470,    43.136,    41.989,    42.493
  44.674,    46.463,    44.128,    42.982,    43.486
  45.667,    47.456,    45.121,    43.975,    44.479
  46.659,    48.448,    46.114,    44.968,    45.472
  47.652,    49.441,    47.107,    45.961,    46.465
  48.645,    50.434,    48.100,    46.953,    47.458
  49.638,    51.427,    49.093,    47.946,    48.450
  50.631,    52.420,    50.085,    48.939,    49.443
  51.624,    53.413,    51.078,    49.932,    50.436
  52.617,    54.405,    52.071,    50.925,    51.429
  53.609,    55.398,    53.064,    51.917,    52.422
  54.602,    56.391,    54.057,    52.910,    53.415
  55.595,    57.384,    55.050,    53.903,    54.407
  56.588,    58.377,    56.042,    54.896,    55.400
  57.581,    59.370,    57.035,    55.889,    56.393
  58.574,    60.362,    58.028,    56.882,    57.386
  59.566,    61.355,    59.021,    57.874,    58.379
  60.559,    62.348,    60.014,    58.867,    59.372
  61.552,    63.341,    61.007,    59.860,    60.364
  62.545,    64.334,    61.999,    60.853,    61.357
  63.538,    65.326,    62.992,    61.846,    62.350
  64.531,    66.319,    63.985,    62.839,    63.343
  65.523,    67.312,    64.978,    63.832,    64.336
  66.516,    68.305,    65.971,    64.824,    65.329
  67.509,    69.298,    66.964,    65.817,    66.322
  68.502,    70.291,    67.956,    66.810,    67.314
  69.495,    71.284,    68.949,    67.803,    68.307
  70.488,    72.276,    69.942,    68.796,    69.300
  71.480,    73.269,    70.935,    69.789,    70.293
  72.473,    74.262,    71.928,    70.781,    71.286
  73.466,    75.255,    72.921,    71.774,    72.278
  74.459,    76.248,    73.913,    72.767,    73.271
  75.452,    77.241,    74.906,    73.760,    74.264
  76.445,    78.233,    75.899,    74.753,    75.257
  77.437,    79.226,    76.892,    75.746,    76.250
  78.430,    80.219,    77.885,    76.739,    77.243
  79.423,    81.212,    78.878,    77.731,    78.236
  80.416,    82.205,    79.871,    78.724,    79.228
  81.409,    83.198,    80.863,    79.717,    80.221
  82.402,    84.191,    81.856,    80.710,    81.214
  83.394,    85.183,    82.849,    81.703,    82.207
  84.387,    86.176,    83.842,    82.695,    83.200
  85.380,    87.169,    84.835,    83.688,    84.193
  86.373,    88.162,    85.828,    84.681,    85.185
  87.366,    89.155,    86.820,    85.674,    86.178
  88.359,    90.147,    87.813,    86.667,    87.171
  89.352,    91.140,    88.806,    87.660,    88.164
  90.344,    92.133,    89.799,    88.653,    89.157
  91.337,    93.126,    90.792,    89.645,    90.150
  92.330,    94.119,    91.785,    90.638,    91.142
  93.323,    95.112,    92.777,    91.631,    92.135
  94.316,    96.105,    93.770,    92.624,    93.128
  95.308,    97.097,    94.763,    93.617,    94.121
  96.301,    98.090,    95.756,    94.609,    95.114
  97.294,    99.083,    96.749,    95.602,    96.107
  98.287,   100.076,    97.742,    96.595,    97.100
  99.280,   101.069,    98.734,    97.588,    98.092
 100.273,   102.062,    99.727,    98.581,    99.085
 101.266,   103.054,   100.720,    99.574,   100.078
 102.258,   104.047,   101.713,   100.567,   101.071
 103.251,   105.040,   102.706,   101.559,   102.064
 104.244,   106.033,   103.699,   102.552,   103.056
 105.237,   107.026,   104.691,   103.545,   104.049
 106.230,   108.019,   105.684,   104.538,   105.042
 107.223,   109.011,   106.677,   105.531,   106.035
 108.215,   110.004,   107.670,   106.524,   107.028
 109.208,   110.997,   108.663,   107.516,   108.021
 110.201,   111.990,   109.656,   108.509,   109.013
 111.194,   112.983,   110.648,   109.502,   110.006
 112.187,   113.976,   111.641,   110.495,   110.999
 113.180,   114.968,   112.634,   111.488,   111.992
 114.172,   115.961,   113.627,   112.481,   112.985
 115.165,   116.954,   114.620,   113.473,   113.978
 116.158,   117.947,   115.613,   114.466,   114.971
 117.151,   118.940,   116.605,   115.459,   115.963
 118.144,   119.933,   117.598,   116.452,   116.956
 119.137,   120.925,   118.591,   117.445,   117.949
 120.129,   121.918,   119.584,   118.438,   118.942
 121.122,   122.911,   120.577,   119.430,   119.935
 122.115,   123.904,   121.570,   120.423,   120.928
 123.108,   124.897,   122.562,   121.416,   121.920
 124.101,   125.890,   123.555,   122.409,   122.913
 125.094,   126.882,   124.548,   123.402,   123.906
 126.086,   127.875,   125.541,   124.395,   124.899
 127.079,   128.868,   126.534,   125.387,   125.892
 128.072,   129.861,   127.527,   126.380,   126.884
 129.065,   130.854,   128.519,   127.373,   127.877
 130.058,   131.847,   129.512,   128.366,   128.870
 131.051,   132.839,   130.505,   129.359,   129.863
 132.044,   133.832,   131.498,   130.352,   130.856
 133.036,   134.825,   132.491,   131.344,   131.849
 134.029,   135.818,   133.484,   132.337,   132.842
 135.022,   136.811,   134.476,   133.330,   133.834
 136.015,   137.804,   135.469,   134.323,   134.827
 137.008,   138.796,   136.462,   135.316,   135.820
 138.001,   139.789,   137.455,   136.309,   136.813
 138.993,   140.782,   138.448,   137.301,   137.806
 139.986,   141.775,   139.441,   138.294,   138.799
 140.979,   142.768,   140.433,   139.287,   139.791
 141.972,   143.761,   141.426,   140.280,   140.784
 142.965,   144.753,   142.419,   141.273,   141.777
 143.958,   145.746,   143.412,   142.266,   142.770
 144.950,   146.739,   144.405,   143.258,   143.763
 145.943,   147.732,   145.398,   144.251,   144.756
 146.936,   148.725,   146.391,   145.244,   145.749
 147.929,   149.718,   147.383,   146.237,   146.741
 148.922,   150.711,   148.376,   147.230,   147.734
 149.915,   151.703,   149.369,   148.223,   148.727
 150.907,   152.696,   150.362,   149.216,   149.720
 151.900,   153.689,   151.355,   150.208,   150.713
 152.893,   154.682,   152.348,   151.201,   151.706
 153.886,   155.675,   153.340,   152.194,   152.698
 154.879,   156.668,   154.333,   153.187,   153.691
 155.872,   157.660,   155.326,   154.180,   154.684
 156.864,   158.653,   156.319,   155.173,   155.677
 157.857,   159.646,   157.312,   156.165,   156.670
 158.850,   160.639,   158.305,   157.158,   157.663
 159.843,   161.632,   159.298,   158.151,   158.655
 160.836,   162.625,   160.290,   159.144,   159.648
 161.829,   163.618,   161.283,   160.137,   160.641
 162.822,   164.610,   162.276,   161.130,   161.634
 163.814,   165.603,   163.269,   162.123,   162.627
 164.807,   166.596,   164.262,   163.115,   163.620
 165.800,   167.589,   165.255,   164.108,   164.612
 166.793,   168.582,   166.247,   165.101,   165.605
 167.786,   169.575,   167.240,   166.094,   166.598
 168.779,   170.567,   168.233,   167.087,   167.591
 169.771,   171.560,   169.226,   168.080,   168.584
 170.764,   172.553,   170.219,   169.072,   169.577
 171.757,   173.546,   171.212,   170.065,   170.569
 172.750,   174.539,   172.204,   171.058,   171.562
 173.743,   175.532,   173.197,   172.051,   172.555
 174.736,   176.524,   174.190,   173.044,   173.548
 175.728,   177.517,   175.183,   174.037,   174.541
 176.721,   178.510,   176.176,   175.029,   175.534
 177.714,   179.503,   177.169,   176.022,   176.526
 178.707,   180.496,   178.161,   177.015,   177.519
 179.700,   181.489,   179.154,   178.008,   178.512
 180.693,   182.481,   180.147,   179.001,   179.505
 181.685,   183.474,   181.140,   179.994,   180.498
 182.678,   184.467,   182.133,   180.986,   181.491
 183.671,   185.460,   183.126,   181.979,   182.484
 184.664,   186.453,   184.118,   182.972,   183.476
 185.657,   187.446,   185.111,   183.965,   184.469
 186.650,   188.438,   186.104,   184.958,   185.462
 187.642,   189.431,   187.097,   185.951,   186.455
 188.635,   190.424,   188.090,   186.943,   187.448
 189.628,   191.417,   189.083,   187.936,   188.441
 190.621,   192.410,   190.076,   188.929,   189.433
 191.614,   193.403,   191.068,   189.922,   190.426
 192.607,   194.396,   192.061,   190.915,   191.419
 193.600,   195.388,   193.054,   191.908,   192.412
 194.592,   196.381,   194.047,   192.901,   193.405
 195.585,   197.374,   195.040,   193.893,   194.398
 196.578,   198.367,   196.033,   194.886,   195.390
 197.571,   199.360,   197.025,   195.879,   196.383
 198.564,   200.353,   198.018,   196.872,   197.376
 199.557,   201.345,   199.011,   197.865,   198.369
 200.549,   202.338,   200.004,   198.858,   199.362
 201.542,   203.331,   200.997,   199.850,   200.355
 202.535,   204.324,   201.990,   200.843,   201.347
 203.528,   205.317,   202.982,   201.836,   202.340
 204.521,   206.310,   203.975,   202.829,   203.333
 205.514,   207.302,   204.968,   203.822,   204.326
 206.506,   208.295,   205.961,   204.815,   205.319
 207.499,   209.288,   206.954,   205.807,   206.312
 208.492,   210.281,   207.947,   206.800,   207.304
 209.485,   211.274,   208.939,   207.793,   208.297
 210.478,   212.267,   209.932,   208.786,   209.290
 211.471,   213.259,   210.925,   209.779,   210.283
 212.463,   214.252,   211.918,   210.772,   211.276
 213.456,   215.245,   212.911,   211.764,   212.269
 214.449,   216.238,   213.904,   212.757,   213.262
 215.442,   217.231,   214.896,   213.750,   214.254
 216.435,   218.224,   215.889,   214.743,   215.247
 217.428,   219.216,   216.882,   215.736,   216.240
 218.420,   220.209,   217.875,   216.729,   217.233
 219.413,   221.202,   218.868,   217.721,   218.226
 220.406,   222.195,   219.861,   218.714,   219.219
 221.399,   223.188,   220.854,   219.707,   220.211
 222.392,   224.181,   221.846,   220.700,   221.204
 223.385,   225.174,   222.839,   221.693,   222.197
 224.377,   226.166,   223.832,   222.686,   223.190
 225.370,   227.159,   224.825,   223.679,   224.183
 226.363,   228.152,   225.818,   224.671,   225.176
 227.356,   229.145,   226.811,   225.664,   226.168
 228.349,   230.138,   227.803,   226.657,   227.161
 229.342,   231.131,   228.796,   227.650,   228.154
 230.335,   232.123,   229.789,   228.643,   229.147
 231.327,   233.116,   230.782,   229.636,   230.140
 232.320,   234.109,   231.775,   230.628,   231.133
 233.313,   235.102,   232.768,   231.621,   232.125
 234.306,   236.095,   233.760,   232.614,   233.118
 235.299,   237.088,   234.753,   233.607,   234.111
 236.292,   238.080,   235.746,   234.600,   235.104
 237.284,   239.073,   236.739,   235.593,   236.097
 238.277,   240.066,   237.732,   236.585,   237.090
 239.270,   241.059,   238.725,   237.578,   238.082
 240.263,   242.052,   239.717,   238.571,   239.075
 241.256,   243.045,   240.710,   239.564,   240.068
 242.249,   244.037,   241.703,   240.557,   241.061
 243.241,   245.030,   242.696,   241.550,   242.054
 244.234,   246.023,   243.689,   242.542,   243.047
 245.227,   247.016,   244.682,   243.535,   244.040
 246.220,   248.009,   245.674,   244.528,   245.032
 247.213,   249.002,   246.667,   245.521,   246.025
 248.206,   249.994,   247.660,   246.514,   247.018
 249.198,   250.987,   248.653,   247.507,   248.011
 250.191,   251.980,   249.646,   248.499,   249.004
 251.184,   252.973,   250.639,   249.492,   249.997
 252.177,   253.966,   251.632,   250.485,   250.989
 253.170,   254.959,   252.624,   251.478,   251.982
 254.163,   255.951,   253.617,   252.471,   252.975
 255.155,   256.944,   254.610,   253.464,   253.968
 256.148,   257.937,   255.603,   254.457,   254.961
 257.141,   258.930,   256.596,   255.449,   255.954
 258.134,   259.923,   257.589,   256.442,   256.946
 259.127,   260.916,   258.581,   257.435,   257.939
 260.120,   261.909,   259.574,   258.428,   258.932
 261.113,   262.901,   260.567,   259.421,   259.925
 262.105,   263.894,   261.560,   260.414,   260.918
 263.098,   264.887,   262.553,   261.406,   261.911
 264.091,   265.880,   263.546,   262.399,   262.903
 265.084,   266.873,   264.538,   263.392,   263.896
 266.077,   267.866,   265.531,   264.385,   264.889
 267.069,   268.858,   266.524,   265.378,   265.882
 268.062,   269.851,   267.517,   266.371,   266.875
 269.055,   270.844,   268.510,   267.363,   267.868
 270.048,   271.837,   269.503,   268.356,   268.860
 271.041,   272.830,   270.495,   269.349,   269.853
 272.034,   273.822,   271.488,   270.342,   270.846
 273.026,   274.815,   272.481,   271.335,   271.839
 274.019,   275.808,   273.474,   272.327,   272.832
 275.012,   276.801,   274.467,   273.320,   273.825
 276.005,   277.794,   275.460,   274.313,   274.817
 276.998,   278.787,   276.452,   275.306,   275.810
 277.991,   279.780,   277.445,   276.299,   276.803
 278.984,   280.772,   278.438,   277.292,   277.796
 279.976,   281.765,   279.431,   278.285,   278.789
 280.515,   283.125,   280.424,   279.277,   279.782
 281.681,   283.791,   281.417,   280.270,   280.774
 282.987,   285.000,   282.409,   281.263,   281.767
 283.955,   286.162,   283.402,   282.256,   282.760
 284.736,   286.972,   284.395,   283.249,   283.753
 285.843,   287.903,   285.388,   284.242,   284.746
 287.229,   288.470,   286.381,   285.234,   285.739
 287.694,   289.694,   287.373,   286.227,   286.731
 288.841,   290.484,   288.366,   287.220,   287.724
 289.586,   291.809,   289.359,   288.213,   288.717
 290.605,   292.818,   290.352,   289.206,   289.710
 292.003,   293.638,   291.345,   290.198,   290.703
 292.642,   294.460,   292.338,   291.191,   291.696
 293.498,   295.474,   293.331,   292.184,   292.688
 294.615,   296.533,   294.323,   293.177,   293.681
 295.682,   297.200,   295.316,   294.170,   294.674
 296.649,   298.684,   296.309,   295.163,   295.667
 297.764,   299.283,   297.302,   296.156,   296.660
 298.573,   300.520,   298.295,   297.148,   297.653
 299.647,   301.306,   299.288,   298.141,   298.645
 300.673,   302.299,   300.280,   299.134,   299.638
 301.633,   303.237,   301.273,   300.127,   300.631
 302.303,   304.044,   302.266,   301.120,   301.624
 303.760,   304.818,   303.259,   302.113,   302.617
 304.268,   306.252,   304.252,   303.105,   303.610
 305.731,   307.276,   305.244,   304.098,   304.602
 306.522,   308.275,   306.237,   305.091,   305.595
 307.451,   309.046,   307.230,   306.084,   306.588
 308.574,   309.766,   308.223,   307.077,   307.581
 309.472,   310.989,   309.216,   308.069,   308.574
 310.671,   312.058,   310.209,   309.062,   309.567
 311.645,   312.858,   311.202,   310.055,   310.559
 312.416,   313.834,   312.194,   311.048,   311.552
 313.366,   314.923,   313.187,   312.041,   312.545
 314.489,   315.867,   314.180,   313.034,   313.538
 315.357,   316.740,   315.173,   314.027,   314.531
 316.665,   317.379,   316.166,   315.019,   315.524
 317.315,   318.537,   317.159,   316.012,   316.516
 318.616,   319.757,   318.151,   317.005,   317.509
 319.448,   320.506,   319.144,   317.998,   318.502
 320.444,   321.501,   320.137,   318.991,   319.495
 321.661,   322.355,   321.130,   319.984,   320.488
 322.576,   323.378,   322.123,   320.976,   321.481
 323.617,   324.337,   323.115,   321.969,   322.473
 324.185,   325.438,   324.108,   322.962,   323.466
 325.271,   326.389,   325.101,   323.955,   324.459
 326.755,   327.654,   326.094,   324.948,   325.452
 327.675,   328.423,   327.087,   325.940,   326.445
 328.609,   329.435,   328.080,   326.933,   327.438
 329.366,   330.131,   329.073,   327.926,   328.430
 330.129,   331.636,   330.065,   328.919,   329.423
 331.382,   332.529,   331.058,   329.912,   330.416
 332.177,   333.123,   332.051,   330.905,   331.409
 333.215,   334.426,   333.044,   331.898,   332.402
 334.345,   335.406,   334.037,   332.890,   333.395
 335.203,   336.249,   335.030,   333.883,   334.387
 336.318,   337.102,   336.022,   334.876,   335.380
 337.090,   337.904,   337.015,   335.869,   336.373
 338.237,   339.190,   338.008,   336.862,   337.366
 339.182,   340.293,   339.001,   337.855,   338.359
 340.257,   341.369,   339.994,   338.847,   339.352
 340.870,   342.304,   340.986,   339.840,   340.344
 342.108,   342.894,   341.979,   340.833,   341.337
 343.148,   344.102,   342.972,   341.826,   342.330
 343.983,   345.279,   343.965,   342.819,   343.323
 344.892,   346.272,   344.958,   343.811,   344.316
 345.793,   347.076,   345.951,   344.804,   345.309
 346.917,   348.097,   346.944,   345.797,   346.301
 347.782,   348.960,   347.936,   346.790,   347.294
 348.568,   349.993,   348.929,   347.783,   348.287
 349.598,   350.986,   349.922,   348.776,   349.280
 350.770,   351.932,   350.915,   349.769,   350.273
 351.877,   352.614,   351.908,   350.761,   351.266
 352.756,   353.950,   352.901,   351.754,   352.258
 353.567,   354.906,   353.893,   352.747,   353.251
 354.722,   355.712,   354.929,   353.740,   354.244
 355.853,   356.713,   355.834,   354.733,   355.237
 356.996,   357.885,   356.385,   355.726,   356.230
 357.554,   358.830,   357.481,   356.718,   357.223
 358.563,   359.862,   358.311,   357.711,   358.215
 359.925,   360.457,   359.539,   358.704,   359.208
 360.554,   361.739,   360.581,   359.697,   360.201
 361.491,   362.584,   361.584,   360.690,   361.194
 362.767,   363.968,   362.771,   361.682,   362.187
 363.824,   364.831,   363.520,   362.675,   363.180
 364.570,   365.710,   364.063,   363.668,   364.172
 365.466,   366.946,   365.194,   364.661,   365.165
 366.414,   367.774,   366.388,   365.654,   366.158
 367.625,   369.232,   367.542,   366.647,   367.151
 368.480,   369.902,   368.689,   367.639,   368.144
 369.726,   370.906,   369.479,   368.632,   369.137
 370.498,   371.911,   370.276,   369.625,   370.129
 371.657,   372.727,   371.356,   370.618,   371.122
 372.710,   373.627,   372.365,   371.611,   372.115
 373.693,   374.741,   373.454,   372.604,   373.108
 374.879,   375.723,   374.207,   373.597,   374.101
 375.543,   376.808,   375.036,   374.589,   375.094
 376.919,   377.711,   376.348,   375.582,   376.086
 377.476,   378.727,   377.584,   376.575,   377.079
 378.600,   379.726,   378.132,   377.568,   378.072
 379.580,   380.619,   379.293,   378.561,   379.065
 380.344,   381.705,   379.913,   379.553,   380.058
 381.593,   382.821,   380.980,   380.234,   381.051
 382.497,   383.710,   382.535,   381.496,   382.043
 383.548,   384.404,   383.007,   382.471,   383.036
 384.366,   385.574,   383.764,   383.474,   384.029
 385.330,   386.479,   384.871,   384.599,   385.022
 386.497,   387.565,   386.022,   385.669,   386.015
 387.708,   388.366,   386.931,   386.535,   387.008
 388.246,   389.439,   387.983,   387.573,   388.000
 389.278,   390.316,   388.749,   388.766,   388.993
 390.657,   391.180,   389.852,   389.626,   389.986
 391.401,   392.399,   391.055,   390.744,   390.979
 392.336,   393.059,   391.790,   391.609,   391.972
 393.401,   394.270,   393.275,   392.750,   392.965
 394.266,   395.035,   393.835,   393.825,   394.068
 395.291,   396.397,   394.475,   394.623,   394.884
 396.398,   397.301,   395.907,   395.864,   396.187
 397.132,   398.307,   396.685,   396.664,   397.077
 398.217,   399.193,   397.471,   398.174,   398.178
 399.367,   400.044,   398.901,   398.951,   399.349
 400.298,   401.140,   399.536,   400.192,   400.086
 401.208,   402.259,   400.773,   401.093,   401.162
 402.283,   403.279,   401.616,   401.913,   402.165
 403.559,   404.110,   402.793,   403.085,   403.296
 404.090,   405.052,   403.165,   404.237,   404.359
 405.237,   406.030,   404.521,   405.198,   404.905
 406.164,   407.058,   405.684,   406.173,   406.212
 407.270,   407.734,   406.523,   407.213,   406.839
 408.144,   409.100,   407.481,   408.159,   408.007
 409.187,   410.062,   408.618,   409.230,   408.738
 410.071,   411.057,   409.514,   410.184,   410.160
 411.488,   412.094,   410.521,   411.267,   411.029
 412.171,   412.927,   411.395,   412.158,   411.631
 412.923,   414.053,   412.267,   413.179,   412.866
 414.195,   415.436,   413.410,   414.404,   413.603
 415.069,   416.035,   414.641,   415.661,   414.523
 416.103,   417.040,   415.448,   416.544,   415.532
 416.703,   418.148,   416.796,   417.636,   416.759
 417.869,   419.068,   417.528,   418.233,   417.853
 419.386,   419.970,   418.418,   419.265,   418.698
 419.697,   420.904,   419.241,   420.419,   419.664
 420.649,   422.022,   420.042,   421.460,   420.751
 421.988,   423.005,   421.753,   422.450,   421.715
 423.043,   423.801,   422.316,   423.433,   422.332
 424.134,   424.939,   423.421,   424.387,   423.360
 425.060,   425.830,   424.156,   425.385,   424.742
 426.103,   426.775,   425.184,   426.337,   425.853
 427.090,   427.773,   425.836,   427.300,   426.502
 428.224,   428.854,   427.453,   428.182,   427.487
 428.495,   429.436,   428.332,   429.124,   428.705
 429.671,   430.697,   428.859,   430.204,   429.781
 430.926,   431.372,   429.784,   431.735,   430.665
 431.709,   432.747,   430.963,   432.574,   431.604
 433.071,   433.511,   432.051,   433.708,   432.463
 433.797,   434.379,   433.008,   434.607,   433.517
 434.755,   435.593,   433.985,   435.506,   434.486
 435.539,   436.478,   435.125,   436.741,   435.418
 436.747,   437.344,   435.958,   437.465,   436.750
 437.559,   438.618,   436.854,   438.543,   437.567
 438.242,   439.478,   437.792,   439.332,   438.444
 439.333,   440.433,   438.379,   440.647,   439.539
 440.336,   441.408,   439.617,   441.528,   440.607
 441.687,   442.290,   440.918,   442.797,   441.768
 442.452,   443.235,   441.939,   443.756,   442.475
 443.317,   444.322,   442.793,   444.559,   443.657
 444.432,   445.310,   443.590,   445.491,   444.314
 445.524,   446.110,   444.646,   446.541,   445.536
 446.441,   447.519,   445.623,   447.518,   446.415
 447.413,   447.949,   446.319,   448.771,   447.210
 448.533,   449.153,   447.311,   449.746,   448.615
 449.407,   450.282,   448.614,   450.719,   449.314
 450.680,   451.071,   449.512,   451.682,   450.248
 451.353,   452.162,   450.360,   452.786,   451.358
 452.617,   453.205,   451.229,   453.681,   452.072
 453.262,   453.981,   452.279,   454.518,   453.049
 454.530,   455.071,   453.293,   456.066,   453.987
 455.320,   456.054,   454.412,   457.029,   455.053
 456.623,   457.298,   455.606,   457.884,   456.175
 457.654,   457.933,   456.280,   458.689,   457.203
 458.449,   459.220,   457.373,   459.621,   457.999
 459.686,   459.855,   457.989,   460.674,   458.852
 460.630,   460.997,   458.958,   461.766,   460.121
 461.317,   461.765,   460.209,   462.895,   461.291
 462.827,   462.919,   461.697,   464.042,   462.063
 463.850,   463.814,   462.065,   464.874,   462.984
 465.034,   464.755,   463.484,   465.893,   464.099
 465.906,   465.888,   463.948,   466.968,   465.106
 466.708,   466.811,   464.968,   467.916,   466.341
 467.471,   468.079,   466.319,   468.866,   467.376
 468.503,   469.017,   467.381,   469.918,   468.196
 469.999,   469.894,   467.810,   471.057,   469.035
 470.809,   470.782,   469.120,   472.058,   470.067
 471.744,   471.811,   469.856,   472.932,   470.877
 472.788,   472.573,   471.081,   473.990,   472.136
 474.027,   473.726,   471.940,   475.129,   473.284
 474.455,   474.931,   472.936,   475.862,   474.357
 475.686,   475.808,   473.967,   477.238,   475.205
 476.679,   476.507,   475.464,   478.135,   476.194
 477.998,   477.719,   476.390,   479.027,   476.990
 478.971,   478.747,   477.349,   480.108,   478.165
 479.691,   479.509,   478.112,   481.396,   479.247
 480.811,   480.676,   479.360,   482.153,   480.117
 481.926,   481.563,   480.243,   483.241,   480.770
 482.573,   482.684,   481.035,   484.377,   482.060
 483.638,   483.753,   481.951,   485.445,   483.195
 484.876,   484.462,   483.068,   486.126,   484.081
 485.888,   485.529,   483.897,   487.181,   485.035
 486.919,   486.363,   485.137,   487.917,   486.140
 487.776,   487.490,   486.012,   489.089,   487.491
 488.598,   488.601,   487.303,   490.154,   488.146
 489.673,   489.681,   487.958,   491.297,   489.279
 491.030,   490.397,   489.072,   492.211,   490.272
 491.599,   491.200,   490.045,   493.320,   491.180
 492.860,   492.381,   491.176,   494.389,   492.404
 493.829,   493.380,   491.954,   495.080,   493.061
 494.559,   494.306,   492.887,   496.325,   494.044
 495.566,   495.239,   493.752,   497.279,   495.115
 496.924,   496.422,   494.880,   498.295,   496.220
 497.469,   497.309,   495.874,   499.120,   497.234
 498.570,   498.360,   497.001,   500.418,   498.051
 499.666,   499.163,   497.758,   501.262,   498.790
 500.356,   500.246,   498.938,   502.205,   499.821
 501.645,   501.484,   499.826,   503.056,   501.512
 502.694,   502.105,   500.718,   503.992,   502.228
 503.589,   503.076,   501.535,   505.384,   503.360
 504.689,   504.012,   503.017,   506.418,   504.079
 505.587,   505.045,   503.773,   507.524,   505.119
 506.548,   506.248,   504.758,   508.506,   506.191
 507.547,   507.075,   505.619,   509.584,   507.162
 508.560,   508.286,   506.659,   510.541,   508.380
 509.793,   509.020,   507.889,   511.839,   509.245
 510.401,   509.878,   508.643,   512.853,   510.181
 511.408,   511.062,   509.603,   513.863,   511.298
 512.605,   512.092,   510.637,   514.812,   512.358
 513.974,   513.025,   511.608,   515.353,   513.409
 514.772,   514.308,   512.714,   517.053,   514.302
 515.762,   515.073,   513.284,   517.754,   515.355
 516.783,   516.188,   514.304,   518.886,   516.216
 517.745,   517.236,   515.466,   519.638,   517.020
 518.545,   518.252,   516.469,   520.727,   518.235
 519.645,   518.863,   517.549,   521.736,   519.332
 520.532,   520.315,   518.473,   522.696,   520.432
 521.630,   520.983,   519.681,   523.569,   521.078
 522.601,   522.025,   520.366,   524.601,   522.416
 523.671,   523.068,   521.257,   525.458,   523.165
 524.237,   523.909,   522.594,   526.625,   524.417
 525.244,   524.973,   523.584,   527.571,   525.465
 526.486,   525.939,   524.316,   528.991,   526.349
 527.609,   526.899,   525.554,   529.440,   527.066
 528.515,   527.858,   526.066,   530.508,   528.302
 529.566,   528.951,   527.279,   531.665,   529.279
 530.658,   529.853,   528.482,   532.788,   530.454
 531.448,   531.024,   529.290,   534.105,   531.784
 532.635,   531.701,   530.294,   535.052,   532.584
 533.247,   532.854,   531.087,   535.683,   533.668
 534.240,   533.847,   532.326,   536.907,   534.414
 535.233,   534.839,   533.371,   537.876,   535.267
 536.226,   535.832,   534.481,   538.836,   536.558
 537.219,   536.825,   535.666,   539.834,   537.531
 538.211,   537.818,   535.973,   541.040,   538.688
 539.204,   538.811,   537.212,   542.246,   539.739
 540.197,   539.804,   538.222,   543.311,   540.662
 541.190,   540.797,   539.301,   543.955,   541.519
 542.183,   541.789,   540.207,   545.378,   542.384
 543.176,   542.782,   541.157,   546.063,   543.533
 544.168,   543.775,   542.256,   547.106,   544.561
 545.161,   544.768,   543.388,   547.999,   545.459
 546.154,   545.761,   544.220,   549.197,   546.616
 547.147,   546.754,   545.393,   550.030,   547.251
 548.140,   547.746,   546.250,   551.377,   548.249
 549.133,   548.739,   547.538,   551.995,   549.189
 550.125,   549.732,   547.898,   553.304,   550.424
 551.118,   550.725,   548.983,   554.093,   550.977
 552.111,   551.718,   550.580,   555.430,   552.382
 553.104,   552.711,   551.090,   555.964,   553.279
 554.097,   553.704,   551.722,   556.883,   554.236
 555.090,   554.696,   553.215,   558.074,   555.184
 556.083,   555.689,   554.247,   558.812,   556.184
 557.075,   556.682,   555.400,   559.851,   557.301
 558.068,   557.675,   556.096,   561.142,   558.219
 559.061,   558.668,   557.565,   562.262,   559.366
 560.054,   559.661,   558.490,   563.245,   560.275
 561.047,   560.653,   559.234,   564.059,   561.475
 562.040,   561.646,   560.163,   565.196,   562.341
 563.032,   562.639,   560.948,   566.075,   563.498
 564.025,   563.632,   561.897,   567.235,   564.557
 565.018,   564.625,   563.189,   568.051,   565.556
 566.011,   565.618,   564.221,   569.206,   566.462
 567.004,   566.611,   565.364,   569.864,   567.567
 567.997,   567.603,   566.364,   571.027,   568.613
 568.990,   568.596,   567.536,   572.012,   569.504
 569.982,   569.589,   568.378,   572.945,   570.365
 570.975,   570.582,   569.743,   574.347,   571.305
 571.968,   571.575,   570.608,   574.933,   572.678
 572.961,   572.568,   571.261,   575.910,   573.643
 573.954,   573.560,   572.233,   577.017,   574.609
 574.947,   574.553,   573.557,   577.977,   575.437
 575.939,   575.546,   574.557,   578.731,   576.480
 576.932,   576.539,   575.587,   579.905,   577.859
 577.925,   577.532,   576.230,   580.742,   578.625
 578.918,   578.525,   577.088,   581.970,   579.598
 579.911,   579.518,   578.239,   582.596,   580.575
 580.904,   580.510,   579.414,   583.709,   581.995
 581.896,   581.503,   580.161,   584.851,   582.534
 582.889,   582.496,   581.639,   586.189,   583.862
 583.882,   583.489,   582.269,   586.965,   584.626
 584.875,   584.482,   583.522,   587.829,   585.719
 585.868,   585.475,   584.373,   588.861,   586.546
 586.861,   586.467,   585.562,   590.154,   587.319
 587.854,   587.460,   586.337,   591.123,   588.398
 588.846,   588.453,   587.285,   592.071,   589.402
 589.839,   589.446,   588.589,   592.894,   590.368
 590.832,   590.439,   589.629,   593.964,   591.802
 591.825,   591.432,   590.388,   594.965,   592.537
 592.818,   592.425,   591.194,   595.880,   593.132
 593.811,   593.417,   592.606,   596.904,   594.504
 594.803,   594.410,   593.310,   598.144,   595.598
 595.796,   595.403,   594.490,   598.920,   596.503
 596.789,   596.396,   595.542,   599.683,   597.734
 597.782,   597.389,   596.560,   600.850,   598.247
 598.775,   598.382,   597.653,   601.464,   599.492
 599.768,   599.374,   598.579,   602.711,   600.437
 600.760,   600.367,   599.171,   603.569,   601.551
 601.753,   601.360,   600.240,   604.593,   602.534
 602.746,   602.353,   601.469,   605.759,   603.865
 603.739,   603.346,   602.354,   606.861,   604.792
 604.732,   604.339,   603.485,   607.752,   605.609
 605.725,   605.332,   604.194,   608.947,   606.576
 606.718,   606.324,   605.287,   609.758,   607.491
 607.710,   607.317,   606.261,   610.986,   608.644
 608.703,   608.310,   607.253,   611.603,   609.791
 609.696,   609.303,   608.246,   612.679,   610.523
 610.689,   610.296,   609.239,   613.665,   612.061
 611.682,   611.289,   610.232,   614.908,   612.825
 612.675,   612.281,   611.225,   615.826,   613.821
 613.667,   613.274,   612.218,   617.004,   614.725
 614.660,   614.267,   613.211,   617.640,   615.805
 615.653,   615.260,   614.203,   618.890,   616.866
 616.646,   616.253,   615.196,   620.033,   617.788
 617.639,   617.246,   616.189,   620.524,   618.711
 618.632,   618.239,   617.182,   621.936,   619.820
 619.625,   619.231,   618.175,   622.795,   620.795
 620.617,   620.224,   619.168,   623.611,   621.618
 621.610,   621.217,   620.160,   624.837,   622.630
 622.603,   622.210,   621.153,   625.643,   623.644
 623.596,   623.203,   622.146,   626.732,   624.952
 624.589,   624.196,   623.139,   627.611,   625.593
 625.582,   625.188,   624.132,   628.585,   626.767
 626.574,   626.181,   625.125,   629.626,   627.787
 627.567,   627.174,   626.117,   630.825,   628.648
 628.560,   628.167,   627.110,   631.739,   629.880
 629.553,   629.160,   628.103,   632.725,   630.572
 630.546,   630.153,   629.096,   633.713,   632.007
 631.539,   631.146,   630.089,   634.851,   632.502
 632.532,   632.138,   631.082,   635.776,   633.607
 633.524,   633.131,   632.075,   636.543,   634.746
 634.517,   634.124,   633.067,   637.600,   635.657
 635.510,   635.117,   634.060,   638.592,   636.624
 636.503,   636.110,   635.053,   639.585,   637.809
 637.496,   637.103,   636.046,   640.578,   638.697
 638.489,   638.095,   637.039,   641.571,   639.912
 639.481,   639.088,   638.032,   642.564,   640.612
 640.474,   640.081,   639.024,   643.557,   641.484
 641.467,   641.074,   640.017,   644.549,   642.855
 642.460,   642.067,   641.010,   645.542,   643.699
 643.453,   643.060,   642.003,   646.535,   644.716
 644.446,   644.052,   642.996,   647.528,   645.887
 645.439,   645.045,   643.989,   648.521,   646.902
 646.431,   646.038,   644.982,   649.514,   647.595
 647.424,   647.031,   645.974,   650.507,   648.761
 648.417,   648.024,   646.967,   651.499,   649.754
 649.410,   649.017,   647.960,   652.492,   650.746
 650.403,   650.010,   648.953,   653.485,   651.739
 651.396,   651.002,   649.946,   654.478,   652.732
 652.388,   651.995,   650.939,   655.471,   653.725
 653.381,   652.988,   651.931,   656.464,   654.718
 654.374,   653.981,   652.924,   657.456,   655.711
 655.367,   654.974,   653.917,   658.449,   656.704
 656.360,   655.967,   654.910,   659.442,   657.696
 657.353,   656.959,   655.903,   660.435,   658.689
 658.346,   657.952,   656.896,   661.428,   659.682
 659.338,   658.945,   657.888,   662.421,   660.675
 660.331,   659.938,   658.881,   663.414,   661.668
 661.324,   660.931,   659.874,   664.406,   662.661
 662.317,   661.924,   660.867,   665.399,   663.653
 663.310,   662.917,   661.860,   666.392,   664.646
 664.303,   663.909,   662.853,   667.385,   665.639
 665.295,   664.902,   663.846,   668.378,   666.632
 666.288,   665.895,   664.838,   669.371,   667.625
 667.281,   666.888,   665.831,   670.363,   668.618
 668.274,   667.881,   666.824,   671.356,   669.611
 669.267,   668.874,   667.817,   672.349,   670.603
 670.260,   669.866,   668.810,   673.342,   671.596
 671.253,   670.859,   669.803,   674.335,   672.589
 672.245,   671.852,   670.795,   675.328,   673.582
 673.238,   672.845,   671.788,   676.320,   674.575
 674.231,   673.838,   672.781,   677.313,   675.568
 675.224,   674.831,   673.774,   678.306,   676.560
 676.217,   675.823,   674.767,   679.299,   677.553
 677.210,   676.816,   675.760,   680.292,   678.546
 678.202,   677.809,   676.753,   681.285,   679.539
 679.195,   678.802,   677.745,   682.278,   680.532
 680.188,   679.795,   678.738,   683.270,   681.525
 681.181,   680.788,   679.731,   684.263,   682.518
 682.174,   681.781,   680.724,   685.256,   683.510
 683.167,   682.773,   681.717,   686.249,   684.503
 684.160,   683.766,   682.710,   687.242,   685.496
 685.152,   684.759,   683.702,   688.235,   686.489
 686.145,   685.752,   684.695,   689.227,   687.482
 687.138,   686.745,   685.688,   690.220,   688.475
 688.131,   687.738,   686.681,   691.213,   689.467
 689.124,   688.730,   687.674,   692.206,   690.460
 690.117,   689.723,   688.667,   693.199,   691.453
 691.109,   690.716,   689.660,   694.192,   692.446
 692.102,   691.709,   690.652,   695.185,   693.439
 693.095,   692.702,   691.645,   696.177,   694.432
 694.088,   693.695,   692.638,   697.170,   695.424
 695.081,   694.688,   693.631,   698.163,   696.417
 696.074,   695.680,   694.624,   699.156,   697.410
 697.067,   696.673,   695.617,   700.149,   698.403
 698.059,   697.666,   696.609,   701.142,   699.396
 699.052,   698.659,   697.602,   702.134,   700.389
 700.045,   699.652,   698.595,   703.127,   701.382
 701.038,   700.645,   699.588,   704.120,   702.374
 702.031,   701.637,   700.581,   705.113,   703.367
 703.024,   702.630,   701.574,   706.106,   704.360
 704.016,   703.623,   702.567,   707.099,   705.353
 705.009,   704.616,   703.559,   708.091,   706.346
 706.002,   705.609,   704.552,   709.084,   707.339
 706.995,   706.602,   705.545,   710.077,   708.331
 707.988,   707.594,   706.538,   711.070,   709.324
 708.981,   708.587,   707.531,   712.063,   710.317
 709.974,   709.580,   708.524,   713.056,   711.310
 710.966,   710.573,   709.516,   714.049,   712.303
 711.959,   711.566,   710.509,   715.041,   713.296
 712.952,   712.559,   711.502,   716.034,   714.289
 713.945,   713.552,   712.495,   717.027,   715.281
 714.938,   714.544,   713.488,   718.020,   716.274
 715.931,   715.537,   714.481,   719.013,   717.267
 716.923,   716.530,   715.474,   720.006,   718.260
 717.916,   717.523,   716.466,   720.998,   719.253
 718.909,   718.516,   717.459,   721.991,   720.246
 719.902,   719.509,   718.452,   722.984,   721.238
 720.895,   720.501,   719.445,   723.977,   722.231
 721.888,   721.494,   720.438,   724.970,   723.224
 722.880,   722.487,   721.431,   725.963,   724.217
 723.873,   723.480,   722.423,   726.956,   725.210
 724.866,   724.473,   723.416,   727.948,   726.203
 725.859,   725.466,   724.409,   728.941,   727.195
 726.852,   726.459,   725.402,   729.934,   728.188
 727.845,   727.451,   726.395,   730.927,   729.181
 728.838,   728.444,   727.388,   731.920,   730.174
 729.830,   729.437,   728.381,   732.913,   731.167
 730.823,   730.430,   729.373,   733.905,   732.160
 731.816,   731.423,   730.366,   734.898,   733.153
 732.809,   732.416,   731.359,   735.891,   734.145
 733.802,   733.408,   732.352,   736.884,   735.138
 734.795,   734.401,   733.345,   737.877,   736.131
 735.787,   735.394,   734.338,   738.870,   737.124
 736.780,   736.387,   735.330,   739.863,   738.117
 737.773,   737.380,   736.323,   740.855,   739.110
 738.766,   738.373,   737.316,   741.848,   740.102
 739.759,   739.366,   738.309,   742.841,   741.095
 740.752,   740.358,   739.302,   743.834,   742.088
 741.745,   741.351,   740.295,   744.827,   743.081
 742.737,   742.344,   741.288,   745.820,   744.074
 743.730,   743.337,   742.280,   746.812,   745.067
 744.723,   744.330,   743.273,   747.805,   746.060
 745.716,   745.323,   744.266,   748.798,   747.052
 746.709,   746.315,   745.259,   749.791,   748.045
 747.702,   747.308,   746.252,   750.784,   749.038
 748.694,   748.301,   747.245,   751.777,   750.031
 749.687,   749.294,   748.237,   752.770,   751.024
 750.680,   750.287,   749.230,   753.762,   752.017
 751.673,   751.280,   750.223,   754.755,   753.009
 752.666,   752.273,   751.216,   755.748,   754.002
 753.659,   753.265,   752.209,   756.741,   754.995
 754.651,   754.258,   753.202,   757.734,   755.988
 755.644,   755.251,   754.195,   758.727,   756.981
 756.637,   756.244,   755.187,   759.719,   757.974
 757.630,   757.237,   756.180,   760.712,   758.966
 758.623,   758.230,   757.173,   761.705,   759.959
 759.616,   759.222,   758.166,   762.698,   760.952
 760.609,   760.215,   759.159,   763.691,   761.945
 761.601,   761.208,   760.152,   764.684,   762.938
 762.594,   762.201,   761.144,   765.677,   763.931
 763.587,   763.194,   762.137,   766.669,   764.924
 764.580,   764.187,   763.130,   767.662,   765.916
 765.573,   765.180,   764.123,   768.655,   766.909
 766.566,   766.172,   765.116,   769.648,   767.902
 767.558,   767.165,   766.109,   770.641,   768.895
 768.551,   768.158,   767.102,   771.634,   769.888
 769.544,   769.151,   768.094,   772.627,   770.881
 770.537,   770.144,   769.087,   773.619,   771.873
 771.530,   771.137,   770.080,   774.612,   772.866
 772.523,   772.129,   771.073,   775.605,   773.859
 773.516,   773.122,   772.066,   776.598,   774.852
 774.508,   774.115,   773.059,   777.591,   775.845
 775.501,   775.108,   774.051,   778.584,   776.838
 776.494,   776.101,   775.044,   779.576,   777.831
 777.487,   777.094,   776.037,   780.569,   778.823
 778.480,   778.087,   777.030,   781.562,   779.816
 779.473,   779.079,   778.023,   782.555,   780.809
 780.465,   780.072,   779.016,   783.548,   781.802
 781.458,   781.065,   780.008,   784.541,   782.795
 782.451,   782.058,   781.001,   785.534,   783.788
 783.444,   783.051,   781.994,   786.526,   784.780
 784.437,   784.044,   782.987,   787.519,   785.773
 785.430,   785.036,   783.980,   788.512,   786.766
 786.422,   786.029,   784.973,   789.505,   787.759
 787.415,   787.022,   785.966,   790.498,   788.752
 788.408,   788.015,   786.958,   791.491,   789.745
 789.401,   789.008,   787.951,   792.483,   790.738
 790.394,   790.001,   788.944,   793.476,   791.730
 791.387,   790.994,   789.937,   794.469,   792.723
 792.380,   791.986,   790.930,   795.462,   793.716
 793.372,   792.979,   791.923,   796.455,   794.709
 794.365,   793.972,   792.915,   797.448,   795.702
 795.358,   794.965,   793.908,   798.440,   796.695
 796.351,   795.958,   794.901,   799.433,   797.687
 797.344,   796.951,   795.894,   800.426,   798.680
 798.337,   797.943,   796.887,   801.419,   799.673
 799.329,   798.936,   797.880,   802.412,   800.666
 800.322,   799.929,   798.872,   803.405,   801.659
 801.315,   800.922,   799.865,   804.398,   802.652
 802.308,   801.915,   800.858,   805.390,   803.645
 803.301,   802.908,   801.851,   806.383,   804.637
 804.294,   803.901,   802.844,   807.376,   805.630
 805.287,   804.893,   803.837,   808.369,   806.623
 806.279,   805.886,   804.830,   809.362,   807.616
 807.272,   806.879,   805.822,   810.355,   808.609
 808.265,   807.872,   806.815,   811.347,   809.602
 809.258,   808.865,   807.808,   812.340,   810.594
 810.251,   809.858,   808.801,   813.333,   811.587
 811.244,   810.850,   809.794,   814.326,   812.580
 812.236,   811.843,   810.787,   815.319,   813.573
 813.229,   812.836,   811.779,   816.312,   814.566
 814.222,   813.829,   812.772,   817.305,   815.559
 815.215,   814.822,   813.765,   818.297,   816.552
 816.208,   815.815,   814.758,   819.290,   817.544
 817.201,   816.807,   815.751,   820.283,   818.537
 818.194,   817.800,   816.744,   821.276,   819.530
 819.186,   818.793,   817.737,   822.269,   820.523
 820.179,   819.786,   818.729,   823.262,   821.516
 821.172,   820.779,   819.722,   824.254,   822.509
 822.165,   821.772,   820.715,   825.247,   823.501
 823.158,   822.765,   821.708,   826.240,   824.494
 824.151,   823.757,   822.701,   827.233,   825.487
 825.143,   824.750,   823.694,   828.226,   826.480
 826.136,   825.743,   824.686,   829.219,   827.473
 827.129,   826.736,   825.679,   830.211,   828.466
 828.122,   827.729,   826.672,   831.204,   829.459
 829.115,   828.722,   827.665,   832.197,   830.451
 830.108,   829.714,   828.658,   833.190,   831.444
 831.101,   830.707,   829.651,   834.183,   832.437
 832.093,   831.700,   830.643,   835.176,   833.430
 833.086,   832.693,   831.636,   836.169,   834.423
 834.079,   833.686,   832.629,   837.161,   835.416
 835.072,   834.679,   833.622,   838.154,   836.408
 836.065,   835.672,   834.615,   839.147,   837.401
 837.058,   836.664,   835.608,   840.140,   838.394
 838.050,   837.657,   836.601,   841.133,   839.387
 839.043,   838.650,   837.593,   842.126,   840.380
 840.036,   839.643,   838.586,   843.118,   841.373
 841.029,   840.636,   839.579,   844.111,   842.366
 842.022,   841.629,   840.572,   845.104,   843.358
 843.015,   842.621,   841.565,   846.097,   844.351
 844.008,   843.614,   842.558,   847.090,   845.344
 845.000,   844.607,   843.550,   848.083,   846.337
 845.993,   845.600,   844.543,   849.076,   847.330
 846.986,   846.593,   845.536,   850.068,   848.323
 847.979,   847.586,   846.529,   851.061,   849.315
 848.972,   848.578,   847.522,   852.054,   850.308
 849.965,   849.571,   848.515,   853.047,   851.301
 850.957,   850.564,   849.508,   854.040,   852.294
 851.950,   851.557,   850.500,   855.033,   853.287
 852.943,   852.550,   851.493,   856.025,   854.280
 853.936,   853.543,   852.486,   857.018,   855.273
 854.929,   854.536,   853.479,   858.011,   856.265
 855.922,   855.528,   854.472,   859.004,   857.258
 856.915,   856.521,   855.465,   859.997,   858.251
 857.907,   857.514,   856.457,   860.990,   859.244
 858.900,   858.507,   857.450,   861.982,   860.237
 859.893,   859.500,   858.443,   862.975,   861.230
 860.886,   860.493,   859.436,   863.968,   862.222
 861.879,   861.485,   860.429,   864.961,   863.215
 862.872,   862.478,   861.422,   865.954,   864.208
 863.864,   863.471,   862.415,   866.947,   865.201
 864.857,   864.464,   863.407,   867.940,   866.194
 865.850,   865.457,   864.400,   868.932,   867.187
 866.843,   866.450,   865.393,   869.925,   868.180
 867.836,   867.443,   866.386,   870.918,   869.172
 868.829,   868.435,   867.379,   871.911,   870.165
 869.822,   869.428,   868.372,   872.904,   871.158
 870.814,   870.421,   869.364,   873.897,   872.151
 871.807,   871.414,   870.357,   874.889,   873.144
 872.800,   872.407,   871.350,   875.882,   874.137
 873.793,   873.400,   872.343,   876.875,   875.129
 874.786,   874.392,   873.336,   877.868,   876.122
 875.779,   875.385,   874.329,   878.861,   877.115
 876.771,   876.378,   875.322,   879.854,   878.108
 877.764,   877.371,   876.314,   880.847,   879.101
 878.757,   878.364,   877.307,   881.839,   880.094
 879.750,   879.357,   878.300,   882.832,   881.086
 880.743,   880.349,   879.293,   883.825,   882.079
 881.736,   881.342,   880.286,   884.818,   883.072
 882.729,   882.335,   881.279,   885.811,   884.065
 883.721,   883.328,   882.271,   886.804,   885.058
 884.714,   884.321,   883.264,   887.796,   886.051
 885.707,   885.314,   884.257,   888.789,   887.044
 886.700,   886.307,   885.250,   889.782,   888.036
 887.693,   887.299,   886.243,   890.775,   889.029
 888.686,   888.292,   887.236,   891.768,   890.022
 889.678,   889.285,   888.229,   892.761,   891.015
 890.671,   890.278,   889.221,   893.754,   892.008
 891.664,   891.271,   890.214,   894.746,   893.001
 892.657,   892.264,   891.207,   895.739,   893.993
 893.650,   893.256,   892.200,   896.732,   894.986
 894.643,   894.249,   893.193,   897.725,   895.979
 895.635,   895.242,   894.186,   898.718,   896.972
 896.628,   896.235,   895.178,   899.711,   897.965
 897.621,   897.228,   896.171,   900.703,   898.958
 898.614,   898.221,   897.164,   901.696,   899.951
 899.607,   899.214,   898.157,   902.689,   900.943
 900.600,   900.206,   899.150,   903.682,   901.936
 901.593,   901.199,   900.143,   904.675,   902.929
 902.585,   902.192,   901.136,   905.668,   903.922
 903.578,   903.185,   902.128,   906.661,   904.915
 904.571,   904.178,   903.121,   907.653,   905.908
 905.564,   905.171,   904.114,   908.646,   906.900
 906.557,   906.163,   905.107,   909.639,   907.893
 907.550,   907.156,   906.100,   910.632,   908.886
 908.542,   908.149,   907.093,   911.625,   909.879
 909.535,   909.142,   908.085,   912.618,   910.872
 910.528,   910.135,   909.078,   913.610,   911.865
 911.521,   911.128,   910.071,   914.603,   912.857
 912.514,   912.121,   911.064,   915.596,   913.850
 913.507,   913.113,   912.057,   916.589,   914.843
 914.500,   914.106,   913.050,   917.582,   915.836
 915.492,   915.099,   914.043,   918.575,   916.829
 916.485,   916.092,   915.035,   919.568,   917.822
 917.478,   917.085,   916.028,   920.560,   918.815
 918.471,   918.078,   917.021,   921.553,   919.807
 919.464,   919.070,   918.014,   922.546,   920.800
 920.457,   920.063,   919.007,   923.539,   921.793
 921.449,   921.056,   920.000,   924.532,   922.786
 922.442,   922.049,   920.992,   925.525,   923.779
 923.435,   923.042,   921.985,   926.517,   924.772
 924.428,   924.035,   922.978,   927.510,   925.764
 925.421,   925.028,   923.971,   928.503,   926.757
 926.414,   926.020,   924.964,   929.496,   927.750
 927.406,   927.013,   925.957,   930.489,   928.743
 928.399,   928.006,   926.950,   931.482,   929.736
 929.392,   928.999,   927.942,   932.475,   930.729
 930.385,   929.992,   928.935,   933.467,   931.721
 931.378,   930.985,   929.928,   934.460,   932.714
 932.371,   931.977,   930.921,   935.453,   933.707
 933.364,   932.970,   931.914,   936.446,   934.700
 934.356,   933.963,   932.907,   937.439,   935.693
 935.349,   934.956,   933.899,   938.432,   936.686
 936.342,   935.949,   934.892,   939.424,   937.679
 937.335,   936.942,   935.885,   940.417,   938.671
 938.328,   937.935,   936.878,   941.410,   939.664
 939.321,   938.927,   937.871,   942.403,   940.657
 940.313,   939.920,   938.864,   943.396,   941.650
 941.306,   940.913,   939.857,   944.389,   942.643
 942.299,   941.906,   940.849,   945.382,   943.636
 943.292,   942.899,   941.842,   946.374,   944.628
 944.285,   943.892,   942.835,   947.367,   945.621
 945.278,   944.884,   943.828,   948.360,   946.614
 946.271,   945.877,   944.821,   949.353,   947.607
 947.263,   946.870,   945.814,   950.346,   948.600
 948.256,   947.863,   946.806,   951.339,   949.593
 949.249,   948.856,   947.799,   952.331,   950.586
 950.242,   949.849,   948.792,   953.324,   951.578
 951.235,   950.842,   949.785,   954.317,   952.571
 952.228,   951.834,   950.778,   955.310,   953.564
 953.220,   952.827,   951.771,   956.303,   954.557
 954.213,   953.820,   952.763,   957.296,   955.550
 955.206,   954.813,   953.756,   958.289,   956.543
 956.199,   955.806,   954.749,   959.281,   957.535
 957.192,   956.799,   955.742,   960.274,   958.528
 958.185,   957.791,   956.735,   961.267,   959.521
 959.177,   958.784,   957.728,   962.260,   960.514
 960.170,   959.777,   958.721,   963.253,   961.507
 961.163,   960.770,   959.713,   964.246,   962.500
 962.156,   961.763,   960.706,   965.238,   963.493
 963.149,   962.756,   961.699,   966.231,   964.485
 964.142,   963.749,   962.692,   967.224,   965.478
 965.135,   964.741,   963.685,   968.217,   966.471
 966.127,   965.734,   964.678,   969.210,   967.464
 967.120,   966.727,   965.670,   970.203,   968.457
 968.113,   967.720,   966.663,   971.195,   969.450
 969.106,   968.713,   967.656,   972.188,   970.442
 970.099,   969.706,   968.649,   973.181,   971.435
 971.092,   970.698,   969.642,   974.174,   972.428
 972.084,   971.691,   970.635,   975.167,   973.421
 973.077,   972.684,   971.628,   976.160,   974.414
 974.070,   973.677,   972.620,   977.153,   975.407
 975.063,   974.670,   973.613,   978.145,   976.400
 976.056,   975.663,   974.606,   979.138,   977.392
 977.049,   976.656,   975.599,   980.131,   978.385
 978.042,   977.648,   976.592,   981.124,   979.378
 979.034,   978.641,   977.585,   982.117,   980.371
 980.027,   979.634,   978.577,   983.110,   981.364
 981.020,   980.627,   979.570,   984.102,   982.357
 982.013,   981.620,   980.563,   985.095,   983.349
 983.006,   982.613,   981.556,   986.088,   984.342
 983.999,   983.605,   982.549,   987.081,   985.335
 984.991,   984.598,   983.542,   988.074,   986.328
 985.984,   985.591,   984.534,   989.067,   987.321
 986.977,   986.584,   985.527,   990.060,   988.314
 987.970,   987.577,   986.520,   991.052,   989.307
 988.963,   988.570,   987.513,   992.045,   990.299
 989.956,   989.562,   988.506,   993.038,   991.292
 990.949,   990.555,   989.499,   994.031,   992.285
 991.941,   991.548,   990.492,   995.024,   993.278
 992.934,   992.541,   991.484,   996.017,   994.271
 993.927,   993.534,   992.477,   997.009,   995.264
 994.920,   994.527,   993.470,   998.002,   996.256
 995.913,   995.520,   994.463,   998.995,   997.249
 996.906,   996.512,   995.456,   999.988,   998.242
 997.898,   997.505,   996.449,  1000.980,   999.235
 998.891,   998.498,   997.441,  1001.970,  1000.230
 999.884,   999.491,   998.434,  1002.970,  1001.220
1000.880,  1000.480,   999.427,  1003.960,  1002.210
1001.870,  1001.480,  1000.420,  1004.950,  1003.210
1002.860,  1002.470,  1001.410,  1005.950,  1004.200
1003.860,  1003.460,  1002.410,  1006.940,  1005.190
1004.850,  1004.460,  1003.400,  1007.930,  1006.180
1005.840,  1005.450,  1004.390,  1008.920,  1007.180
1006.830,  1006.440,  1005.380,  1009.920,  1008.170
1007.830,  1007.430,  1006.380,  1010.910,  1009.160
1008.820,  1008.430,  1007.370,  1011.900,  1010.160
1009.810,  1009.420,  1008.360,  1012.890,  1011.150
1010.810,  1010.410,  1009.360,  1013.890,  1012.140
1011.800,  1011.410,  1010.350,  1014.880,  1013.130
1012.790,  1012.400,  1011.340,  1015.870,  1014.130
1013.780,  1013.390,  1012.330,  1016.870,  1015.120
1014.780,  1014.380,  1013.330,  1017.860,  1016.110
1015.770,  1015.380,  1014.320,  1018.850,  1017.110
