2018 Testbeam Scan6 timing data
 Module1    Module2    Module3    Module4    Module5
   0.000,     0.000,     0.000,     0.000,     0.000
   0.505,     0.505,     0.505,     0.505,     0.505
   1.009,     1.009,     1.009,     1.009,     1.009
   1.514,     1.514,     1.514,     1.514,     1.514
   2.018,     2.018,     2.018,     2.018,     2.018
   2.523,     2.523,     2.523,     2.523,     2.523
   3.027,     3.027,     3.027,     3.027,     3.027
   3.532,     3.532,     3.532,     3.532,     3.532
   4.036,     4.036,     4.036,     4.036,     4.036
   4.541,     4.541,     4.541,     4.541,     4.541
   5.046,     5.046,     5.046,     5.046,     5.046
   5.550,     5.550,     5.550,     5.550,     5.550
   6.055,     6.055,     6.055,     6.055,     6.055
   6.559,     6.559,     6.559,     6.559,     6.559
   7.064,     7.064,     7.064,     7.064,     7.064
   7.568,     7.568,     7.568,     7.568,     7.568
   8.073,     8.073,     8.073,     8.073,     8.073
   8.577,     8.577,     8.577,     8.577,     8.577
   9.082,     9.082,     9.082,     9.082,     9.082
   9.587,     9.587,     9.587,     9.587,     9.587
  10.091,    10.091,    10.091,    10.091,    10.091
  10.596,    10.596,    10.596,    10.596,    10.596
  11.100,    11.100,    11.100,    11.100,    11.100
  11.605,    11.605,    11.605,    11.605,    11.605
  12.109,    12.109,    12.109,    12.109,    12.109
  12.614,    12.614,    12.614,    12.614,    12.614
  13.118,    13.118,    13.118,    13.118,    13.118
  13.623,    13.623,    13.623,    13.623,    13.623
  14.128,    14.128,    14.128,    14.128,    14.128
  14.632,    14.632,    14.632,    14.632,    14.632
  15.137,    15.137,    15.137,    15.137,    15.137
  15.641,    15.641,    15.641,    15.641,    15.641
  16.146,    16.146,    16.146,    16.146,    16.146
  16.650,    16.650,    16.650,    16.650,    16.650
  17.155,    17.155,    17.155,    17.155,    17.155
  17.660,    17.660,    17.660,    17.660,    17.660
  18.164,    18.164,    18.164,    18.164,    18.164
  18.669,    18.669,    18.669,    18.669,    18.669
  19.173,    19.173,    19.173,    19.173,    19.173
  19.678,    19.678,    19.678,    19.678,    19.678
  20.182,    20.182,    20.182,    20.182,    20.182
  20.687,    20.687,    20.687,    20.687,    20.687
  21.191,    21.191,    21.191,    21.191,    21.191
  21.696,    21.696,    21.696,    21.696,    21.696
  22.201,    22.201,    22.201,    22.201,    22.201
  22.705,    22.705,    22.705,    22.705,    22.705
  23.210,    23.210,    23.210,    23.210,    23.210
  23.714,    23.714,    23.714,    23.714,    23.714
  24.219,    24.219,    24.219,    24.219,    24.219
  24.723,    24.723,    24.723,    24.723,    24.723
  25.228,    25.228,    25.228,    25.228,    25.228
  25.732,    25.732,    25.732,    25.732,    25.732
  26.237,    26.237,    26.237,    26.237,    26.237
  26.741,    26.741,    26.741,    26.741,    26.741
  27.246,    27.246,    27.246,    27.246,    27.246
  27.751,    27.751,    27.751,    27.751,    27.751
  28.255,    28.255,    28.255,    28.255,    28.255
  28.760,    28.760,    28.760,    28.760,    28.760
  29.264,    29.264,    29.264,    29.264,    29.264
  29.769,    29.769,    29.769,    29.769,    29.769
  30.273,    30.273,    30.273,    30.273,    30.273
  30.778,    30.778,    30.778,    30.778,    30.778
  31.283,    31.283,    31.283,    31.283,    31.283
  31.787,    31.787,    31.787,    31.787,    31.787
  32.292,    32.292,    32.292,    32.292,    32.292
  32.796,    32.796,    32.796,    32.796,    32.796
  33.301,    33.301,    33.301,    33.301,    33.301
  33.805,    33.805,    33.805,    33.805,    33.805
  34.310,    34.310,    34.310,    34.310,    34.310
  34.815,    34.815,    34.815,    34.815,    34.815
  35.319,    35.319,    35.319,    35.319,    35.319
  35.824,    35.824,    35.824,    35.824,    35.824
  36.328,    36.328,    36.328,    36.328,    36.328
  36.833,    36.833,    36.833,    36.833,    36.833
  37.337,    37.337,    37.337,    37.337,    37.337
  37.842,    37.842,    37.842,    37.842,    37.842
  38.346,    38.346,    38.346,    38.346,    38.346
  38.851,    38.851,    38.851,    38.851,    38.851
  39.355,    39.355,    39.355,    39.355,    39.355
  39.860,    39.860,    39.860,    39.860,    39.860
  40.365,    40.365,    40.365,    40.365,    40.365
  40.869,    40.869,    40.869,    40.869,    40.869
  41.374,    41.374,    41.374,    41.374,    41.374
  41.878,    41.878,    41.878,    41.878,    41.878
  42.383,    42.383,    42.383,    42.383,    42.383
  42.887,    42.887,    42.887,    42.887,    42.887
  43.392,    43.392,    43.392,    43.392,    43.392
  43.897,    43.897,    43.897,    43.897,    43.897
  44.401,    44.401,    44.401,    44.401,    44.401
  44.906,    44.906,    44.906,    44.906,    44.906
  45.410,    45.410,    45.410,    45.410,    45.410
  45.915,    45.915,    45.915,    45.915,    45.915
  46.419,    46.419,    46.419,    46.419,    46.419
  46.924,    46.924,    46.924,    46.924,    46.924
  47.428,    47.428,    47.428,    47.428,    47.428
  47.933,    47.933,    47.933,    47.933,    47.933
  48.438,    48.438,    48.438,    48.438,    48.438
  48.942,    48.942,    48.942,    48.942,    48.942
  49.447,    49.447,    49.447,    49.447,    49.447
  49.951,    49.951,    49.951,    49.951,    49.951
  50.456,    50.456,    50.456,    50.456,    50.456
  50.960,    50.960,    50.960,    50.960,    50.960
  51.465,    51.465,    51.465,    51.465,    51.465
  51.969,    51.969,    51.969,    51.969,    51.969
  52.474,    52.474,    52.474,    52.474,    52.474
  52.978,    52.978,    52.978,    52.978,    52.978
  53.483,    53.483,    53.483,    53.483,    53.483
  53.988,    53.988,    53.988,    53.988,    53.988
  54.492,    54.492,    54.492,    54.492,    54.492
  54.997,    54.997,    54.997,    54.997,    54.997
  55.501,    55.501,    55.501,    55.501,    55.501
  56.006,    56.006,    56.006,    56.006,    56.006
  56.510,    56.510,    56.510,    56.510,    56.510
  57.015,    57.015,    57.015,    57.015,    57.015
  57.520,    57.520,    57.520,    57.520,    57.520
  58.024,    58.024,    58.024,    58.024,    58.024
  58.529,    58.529,    58.529,    58.529,    58.529
  59.033,    59.033,    59.033,    59.033,    59.033
  59.538,    59.538,    59.538,    59.538,    59.538
  60.042,    60.042,    60.042,    60.042,    60.042
  60.547,    60.547,    60.547,    60.547,    60.547
  61.051,    61.051,    61.051,    61.051,    61.051
  61.556,    61.556,    61.556,    61.556,    61.556
  62.060,    62.060,    62.060,    62.060,    62.060
  62.565,    62.565,    62.565,    62.565,    62.565
  63.070,    63.070,    63.070,    63.070,    63.070
  63.574,    63.574,    63.574,    63.574,    63.574
  64.079,    64.079,    64.079,    64.079,    64.079
  64.583,    64.583,    64.583,    64.583,    64.583
  65.088,    65.088,    65.088,    65.088,    65.088
  65.592,    65.592,    65.592,    65.592,    65.592
  66.097,    66.097,    66.097,    66.097,    66.097
  66.602,    66.602,    66.602,    66.602,    66.602
  67.106,    67.106,    67.106,    67.106,    67.106
  67.611,    67.611,    67.611,    67.611,    67.611
  68.115,    68.115,    68.115,    68.115,    68.115
  68.620,    68.620,    68.620,    68.620,    68.620
  69.124,    69.124,    69.124,    69.124,    69.124
  69.629,    69.629,    69.629,    69.629,    69.629
  70.133,    70.133,    70.133,    70.133,    70.133
  70.638,    70.638,    70.638,    70.638,    70.638
  71.143,    71.143,    71.143,    71.143,    71.143
  71.647,    71.647,    71.647,    71.647,    71.647
  72.152,    72.152,    72.152,    72.152,    72.152
  72.656,    72.656,    72.656,    72.656,    72.656
  73.161,    73.161,    73.161,    73.161,    73.161
  73.665,    73.665,    73.665,    73.665,    73.665
  74.170,    74.170,    74.170,    74.170,    74.170
  74.674,    74.674,    74.674,    74.674,    74.674
  75.179,    75.179,    75.179,    75.179,    75.179
  75.684,    75.684,    75.684,    75.684,    75.684
  76.188,    76.188,    76.188,    76.188,    76.188
  76.693,    76.693,    76.693,    76.693,    76.693
  77.197,    77.197,    77.197,    77.197,    77.197
  77.702,    77.702,    77.702,    77.702,    77.702
  78.206,    78.206,    78.206,    78.206,    78.206
  78.711,    78.711,    78.711,    78.711,    78.711
  79.216,    79.216,    79.216,    79.216,    79.216
  79.720,    79.720,    79.720,    79.720,    79.720
  80.225,    80.225,    80.225,    80.225,    80.225
  80.729,    80.729,    80.729,    80.729,    80.729
  81.234,    81.234,    81.234,    81.234,    81.234
  81.738,    81.738,    81.738,    81.738,    81.738
  82.243,    82.243,    82.243,    82.243,    82.243
  82.747,    82.747,    82.747,    82.747,    82.747
  83.252,    83.252,    83.252,    83.252,    83.252
  83.757,    83.757,    83.757,    83.757,    83.757
  84.261,    84.261,    84.261,    84.261,    84.261
  84.766,    84.766,    84.766,    84.766,    84.766
  85.270,    85.270,    85.270,    85.270,    85.270
  85.775,    85.775,    85.775,    85.775,    85.775
  86.279,    86.279,    86.279,    86.279,    86.279
  86.784,    86.784,    86.784,    86.784,    86.784
  87.288,    87.288,    87.288,    87.288,    87.288
  87.793,    87.793,    87.793,    87.793,    87.793
  88.297,    88.297,    88.297,    88.297,    88.297
  88.802,    88.802,    88.802,    88.802,    88.802
  89.307,    89.307,    89.307,    89.307,    89.307
  89.811,    89.811,    89.811,    89.811,    89.811
  90.316,    90.316,    90.316,    90.316,    90.316
  90.820,    90.820,    90.820,    90.820,    90.820
  91.325,    91.325,    91.325,    91.325,    91.325
  91.829,    91.829,    91.829,    91.829,    91.829
  92.334,    92.334,    92.334,    92.334,    92.334
  92.838,    92.838,    92.838,    92.838,    92.838
  93.343,    93.343,    93.343,    93.343,    93.343
  93.848,    93.848,    93.848,    93.848,    93.848
  94.352,    94.352,    94.352,    94.352,    94.352
  94.857,    94.857,    94.857,    94.857,    94.857
  95.361,    95.361,    95.361,    95.361,    95.361
  95.866,    95.866,    95.866,    95.866,    95.866
  96.370,    96.370,    96.370,    96.370,    96.370
  96.875,    96.875,    96.875,    96.875,    96.875
  97.380,    97.380,    97.380,    97.380,    97.380
  97.884,    97.884,    97.884,    97.884,    97.884
  98.389,    98.389,    98.389,    98.389,    98.389
  98.893,    98.893,    98.893,    98.893,    98.893
  99.398,    99.398,    99.398,    99.398,    99.398
  99.902,    99.902,    99.902,    99.902,    99.902
 100.407,   100.407,   100.407,   100.407,   100.407
 100.911,   100.911,   100.911,   100.911,   100.911
 101.416,   101.416,   101.416,   101.416,   101.416
 101.921,   101.921,   101.921,   101.921,   101.921
 102.425,   102.425,   102.425,   102.425,   102.425
 102.930,   102.930,   102.930,   102.930,   102.930
 103.434,   103.434,   103.434,   103.434,   103.434
 103.939,   103.939,   103.939,   103.939,   103.939
 104.443,   104.443,   104.443,   104.443,   104.443
 104.948,   104.948,   104.948,   104.948,   104.948
 105.452,   105.452,   105.452,   105.452,   105.452
 105.957,   105.957,   105.957,   105.957,   105.957
 106.462,   106.462,   106.462,   106.462,   106.462
 106.966,   106.966,   106.966,   106.966,   106.966
 107.471,   107.471,   107.471,   107.471,   107.471
 107.975,   107.975,   107.975,   107.975,   107.975
 108.480,   108.480,   108.480,   108.480,   108.480
 108.984,   108.984,   108.984,   108.984,   108.984
 109.489,   109.489,   109.489,   109.489,   109.489
 109.993,   109.993,   109.993,   109.993,   109.993
 110.498,   110.498,   110.498,   110.498,   110.498
 111.003,   111.003,   111.003,   111.003,   111.003
 111.507,   111.507,   111.507,   111.507,   111.507
 112.012,   112.012,   112.012,   112.012,   112.012
 112.516,   112.516,   112.516,   112.516,   112.516
 113.021,   113.021,   113.021,   113.021,   113.021
 113.525,   113.525,   113.525,   113.525,   113.525
 114.030,   114.030,   114.030,   114.030,   114.030
 114.535,   114.535,   114.535,   114.535,   114.535
 115.039,   115.039,   115.039,   115.039,   115.039
 115.544,   115.544,   115.544,   115.544,   115.544
 116.048,   116.048,   116.048,   116.048,   116.048
 116.553,   116.553,   116.553,   116.553,   116.553
 117.057,   117.057,   117.057,   117.057,   117.057
 117.562,   117.562,   117.562,   117.562,   117.562
 118.066,   118.066,   118.066,   118.066,   118.066
 118.571,   118.571,   118.571,   118.571,   118.571
 119.076,   119.076,   119.076,   119.076,   119.076
 119.580,   119.580,   119.580,   119.580,   119.580
 120.085,   120.085,   120.085,   120.085,   120.085
 120.589,   120.589,   120.589,   120.589,   120.589
 121.094,   121.094,   121.094,   121.094,   121.094
 121.598,   121.598,   121.598,   121.598,   121.598
 122.103,   122.103,   122.103,   122.103,   122.103
 122.607,   122.607,   122.607,   122.607,   122.607
 123.112,   123.112,   123.112,   123.112,   123.112
 123.617,   123.617,   123.617,   123.617,   123.617
 124.121,   124.121,   124.121,   124.121,   124.121
 124.626,   124.626,   124.626,   124.626,   124.626
 125.130,   125.130,   125.130,   125.130,   125.130
 125.635,   125.635,   125.635,   125.635,   125.635
 126.139,   126.139,   126.139,   126.139,   126.139
 126.644,   126.644,   126.644,   126.644,   126.644
 127.148,   127.148,   127.148,   127.148,   127.148
 127.653,   127.653,   127.653,   127.653,   127.653
 128.158,   128.158,   128.158,   128.158,   128.158
 128.662,   128.662,   128.662,   128.662,   128.662
 129.167,   129.167,   129.167,   129.167,   129.167
 129.671,   129.671,   129.671,   129.671,   129.671
 130.176,   130.176,   130.176,   130.176,   130.176
 130.680,   130.680,   130.680,   130.680,   130.680
 131.185,   131.185,   131.185,   131.185,   131.185
 131.689,   131.689,   131.689,   131.689,   131.689
 132.194,   132.194,   132.194,   132.194,   132.194
 132.699,   132.699,   132.699,   132.699,   132.699
 133.203,   133.203,   133.203,   133.203,   133.203
 133.708,   133.708,   133.708,   133.708,   133.708
 134.212,   134.212,   134.212,   134.212,   134.212
 134.717,   134.717,   134.717,   134.717,   134.717
 135.221,   135.221,   135.221,   135.221,   135.221
 135.726,   135.726,   135.726,   135.726,   135.726
 136.230,   136.230,   136.230,   136.230,   136.230
 136.735,   136.735,   136.735,   136.735,   136.735
 137.240,   137.240,   137.240,   137.240,   137.240
 137.744,   137.744,   137.744,   137.744,   137.744
 138.249,   138.249,   138.249,   138.249,   138.249
 138.753,   138.753,   138.753,   138.753,   138.753
 139.258,   139.258,   139.258,   139.258,   139.258
 139.762,   139.762,   139.762,   139.762,   139.762
 140.267,   140.267,   140.267,   140.267,   140.267
 140.771,   140.771,   140.771,   140.771,   140.771
 141.276,   141.276,   141.276,   141.276,   141.276
 141.781,   141.781,   141.781,   141.781,   141.781
 142.285,   142.285,   142.285,   142.285,   142.285
 142.790,   142.790,   142.790,   142.790,   142.790
 143.294,   143.294,   143.294,   143.294,   143.294
 143.799,   143.799,   143.799,   143.799,   143.799
 144.303,   144.303,   144.303,   144.303,   144.303
 144.808,   144.808,   144.808,   144.808,   144.808
 145.312,   145.312,   145.312,   145.312,   145.312
 145.817,   145.817,   145.817,   145.817,   145.817
 146.322,   146.322,   146.322,   146.322,   146.322
 146.826,   146.826,   146.826,   146.826,   146.826
 147.331,   147.331,   147.331,   147.331,   147.331
 147.835,   147.835,   147.835,   147.835,   147.835
 148.340,   148.340,   148.340,   148.340,   148.340
 148.844,   148.844,   148.844,   148.844,   148.844
 149.349,   149.349,   149.349,   149.349,   149.349
 149.854,   149.854,   149.854,   149.854,   149.854
 150.358,   150.358,   150.358,   150.358,   150.358
 150.863,   150.863,   150.863,   150.863,   150.863
 151.367,   151.367,   151.367,   151.367,   151.367
 151.872,   151.872,   151.872,   151.872,   151.872
 152.376,   152.376,   152.376,   152.376,   152.376
 152.881,   152.881,   152.881,   152.881,   152.881
 153.385,   153.385,   153.385,   153.385,   153.385
 153.890,   153.890,   153.890,   153.890,   153.890
 154.395,   154.395,   154.395,   154.395,   154.395
 154.899,   154.899,   154.899,   154.899,   154.899
 155.404,   155.404,   155.404,   155.404,   155.404
 155.908,   155.908,   155.908,   155.908,   155.908
 156.413,   156.413,   156.413,   156.413,   156.413
 156.917,   156.917,   156.917,   156.917,   156.917
 157.422,   157.422,   157.422,   157.422,   157.422
 157.926,   157.926,   157.926,   157.926,   157.926
 158.431,   158.431,   158.431,   158.431,   158.431
 158.936,   158.936,   158.936,   158.936,   158.936
 159.440,   159.440,   159.440,   159.440,   159.440
 159.945,   159.945,   159.945,   159.945,   159.945
 160.449,   160.449,   160.449,   160.449,   160.449
 160.954,   160.954,   160.954,   160.954,   160.954
 161.458,   161.458,   161.458,   161.458,   161.458
 161.963,   161.963,   161.963,   161.963,   161.963
 162.467,   162.467,   162.467,   162.467,   162.467
 162.972,   162.972,   162.972,   162.972,   162.972
 163.477,   163.477,   163.477,   163.477,   163.477
 163.981,   163.981,   163.981,   163.981,   163.981
 164.486,   164.486,   164.486,   164.486,   164.486
 164.990,   164.990,   164.990,   164.990,   164.990
 165.495,   165.495,   165.495,   165.495,   165.495
 165.999,   165.999,   165.999,   165.999,   165.999
 166.504,   166.504,   166.504,   166.504,   166.504
 167.008,   167.008,   167.008,   167.008,   167.008
 167.513,   167.513,   167.513,   167.513,   167.513
 168.018,   168.018,   168.018,   168.018,   168.018
 168.522,   168.522,   168.522,   168.522,   168.522
 169.027,   169.027,   169.027,   169.027,   169.027
 169.531,   169.531,   169.531,   169.531,   169.531
 170.036,   170.036,   170.036,   170.036,   170.036
 170.540,   170.540,   170.540,   170.540,   170.540
 171.045,   171.045,   171.045,   171.045,   171.045
 171.549,   171.549,   171.549,   171.549,   171.549
 172.054,   172.054,   172.054,   172.054,   172.054
 172.559,   172.559,   172.559,   172.559,   172.559
 173.063,   173.063,   173.063,   173.063,   173.063
 173.568,   173.568,   173.568,   173.568,   173.568
 174.072,   174.072,   174.072,   174.072,   174.072
 174.577,   174.577,   174.577,   174.577,   174.577
 175.081,   175.081,   175.081,   175.081,   175.081
 175.586,   175.586,   175.586,   175.586,   175.586
 176.090,   176.090,   176.090,   176.090,   176.090
 176.595,   176.595,   176.595,   176.595,   176.595
 177.100,   177.100,   177.100,   177.100,   177.100
 177.604,   177.604,   177.604,   177.604,   177.604
 178.109,   178.109,   178.109,   178.109,   178.109
 178.613,   178.613,   178.613,   178.613,   178.613
 179.118,   179.118,   179.118,   179.118,   179.118
 179.622,   179.622,   179.622,   179.622,   179.622
 180.127,   180.127,   180.127,   180.127,   180.127
 180.632,   180.632,   180.632,   180.632,   180.632
 181.136,   181.136,   181.136,   181.136,   181.136
 181.641,   181.641,   181.641,   181.641,   181.641
 182.145,   182.145,   182.145,   182.145,   182.145
 182.650,   182.650,   182.650,   182.650,   182.650
 183.154,   183.154,   183.154,   183.154,   183.154
 183.659,   183.659,   183.659,   183.659,   183.659
 184.163,   184.163,   184.163,   184.163,   184.163
 184.668,   184.668,   184.668,   184.668,   184.668
 185.173,   185.173,   185.173,   185.173,   185.173
 185.677,   185.677,   185.677,   185.677,   185.677
 186.182,   186.182,   186.182,   186.182,   186.182
 186.686,   186.686,   186.686,   186.686,   186.686
 187.191,   187.191,   187.191,   187.191,   187.191
 187.695,   187.695,   187.695,   187.695,   187.695
 188.200,   188.200,   188.200,   188.200,   188.200
 188.704,   188.704,   188.704,   188.704,   188.704
 189.209,   189.209,   189.209,   189.209,   189.209
 189.714,   189.714,   189.714,   189.714,   189.714
 190.218,   190.218,   190.218,   190.218,   190.218
 190.723,   190.723,   190.723,   190.723,   190.723
 191.227,   191.227,   191.227,   191.227,   191.227
 191.732,   191.732,   191.732,   191.732,   191.732
 192.236,   192.236,   192.236,   192.236,   192.236
 192.741,   192.741,   192.741,   192.741,   192.741
 193.245,   193.245,   193.245,   193.245,   193.245
 193.750,   193.750,   193.750,   193.750,   193.750
 194.255,   194.255,   194.255,   194.255,   194.255
 194.759,   194.759,   194.759,   194.759,   194.759
 195.264,   195.264,   195.264,   195.264,   195.264
 195.768,   195.768,   195.768,   195.768,   195.768
 196.273,   196.273,   196.273,   196.273,   196.273
 196.777,   196.777,   196.777,   196.777,   196.777
 197.282,   197.282,   197.282,   197.282,   197.282
 197.786,   197.786,   197.786,   197.786,   197.786
 198.291,   198.291,   198.291,   198.291,   198.291
 198.796,   198.796,   198.796,   198.796,   198.796
 199.300,   199.300,   199.300,   199.300,   199.300
 199.805,   199.805,   199.805,   199.805,   199.805
 200.309,   200.309,   200.309,   200.309,   200.309
 200.814,   200.814,   200.814,   200.814,   200.814
 201.318,   201.318,   201.318,   201.318,   201.318
 201.823,   201.823,   201.823,   201.823,   201.823
 202.327,   202.327,   202.327,   202.327,   202.327
 202.832,   202.832,   202.832,   202.832,   202.832
 203.337,   203.337,   203.337,   203.337,   203.337
 203.841,   203.841,   203.841,   203.841,   203.841
 204.346,   204.346,   204.346,   204.346,   204.346
 204.850,   204.850,   204.850,   204.850,   204.850
 205.355,   205.355,   205.355,   205.355,   205.355
 205.859,   205.859,   205.859,   205.859,   205.859
 206.364,   206.364,   206.364,   206.364,   206.364
 206.868,   206.868,   206.868,   206.868,   206.868
 207.373,   207.373,   207.373,   207.373,   207.373
 207.878,   207.878,   207.878,   207.878,   207.878
 208.382,   208.382,   208.382,   208.382,   208.382
 208.887,   208.887,   208.887,   208.887,   208.887
 209.391,   209.391,   209.391,   209.391,   209.391
 209.896,   209.896,   209.896,   209.896,   209.896
 210.400,   210.400,   210.400,   210.400,   210.400
 210.905,   210.905,   210.905,   210.905,   210.905
 211.410,   211.410,   211.410,   211.410,   211.410
 211.914,   211.914,   211.914,   211.914,   211.914
 212.419,   212.419,   212.419,   212.419,   212.419
 212.923,   212.923,   212.923,   212.923,   212.923
 213.428,   213.428,   213.428,   213.428,   213.428
 213.932,   213.932,   213.932,   213.932,   213.932
 214.437,   214.437,   214.437,   214.437,   214.437
 214.941,   214.941,   214.941,   214.941,   214.941
 215.446,   215.446,   215.446,   215.446,   215.446
 215.951,   215.951,   215.951,   215.951,   215.951
 216.455,   216.455,   216.455,   216.455,   216.455
 216.960,   216.960,   216.960,   216.960,   216.960
 217.464,   217.464,   217.464,   217.464,   217.464
 217.969,   217.969,   217.969,   217.969,   217.969
 218.473,   218.473,   218.473,   218.473,   218.473
 218.978,   218.978,   218.978,   218.978,   218.978
 219.482,   219.482,   219.482,   219.482,   219.482
 219.987,   219.987,   219.987,   219.987,   219.987
 220.492,   220.492,   220.492,   220.492,   220.492
 220.996,   220.996,   220.996,   220.996,   220.996
 221.501,   221.501,   221.501,   221.501,   221.501
 222.005,   222.005,   222.005,   222.005,   222.005
 222.510,   222.510,   222.510,   222.510,   222.510
 223.014,   223.014,   223.014,   223.014,   223.014
 223.519,   223.519,   223.519,   223.519,   223.519
 224.023,   224.023,   224.023,   224.023,   224.023
 224.528,   224.528,   224.528,   224.528,   224.528
 225.033,   225.033,   225.033,   225.033,   225.033
 225.537,   225.537,   225.537,   225.537,   225.537
 226.042,   226.042,   226.042,   226.042,   226.042
 226.546,   226.546,   226.546,   226.546,   226.546
 227.051,   227.051,   227.051,   227.051,   227.051
 227.555,   227.555,   227.555,   227.555,   227.555
 228.060,   228.060,   228.060,   228.060,   228.060
 228.564,   228.564,   228.564,   228.564,   228.564
 229.069,   229.069,   229.069,   229.069,   229.069
 229.574,   229.574,   229.574,   229.574,   229.574
 230.078,   230.078,   230.078,   230.078,   230.078
 230.583,   230.583,   230.583,   230.583,   230.583
 231.087,   231.087,   231.087,   231.087,   231.087
 231.592,   231.592,   231.592,   231.592,   231.592
 232.096,   232.096,   232.096,   232.096,   232.096
 232.601,   232.601,   232.601,   232.601,   232.601
 233.105,   233.105,   233.105,   233.105,   233.105
 233.610,   233.610,   233.610,   233.610,   233.610
 234.115,   234.115,   234.115,   234.115,   234.115
 234.619,   234.619,   234.619,   234.619,   234.619
 235.124,   235.124,   235.124,   235.124,   235.124
 235.628,   235.628,   235.628,   235.628,   235.628
 236.133,   236.133,   236.133,   236.133,   236.133
 236.637,   236.637,   236.637,   236.637,   236.637
 237.142,   237.142,   237.142,   237.142,   237.142
 237.646,   237.646,   237.647,   237.646,   237.646
 238.151,   238.151,   238.151,   238.151,   238.151
 238.656,   238.656,   238.656,   238.656,   238.656
 239.160,   239.160,   239.160,   239.160,   239.160
 239.665,   239.665,   239.665,   239.665,   239.665
 240.169,   240.169,   240.169,   240.169,   240.169
 240.674,   240.674,   240.674,   240.674,   240.674
 241.178,   241.178,   241.178,   241.178,   241.178
 241.683,   241.683,   241.683,   241.683,   241.683
 242.188,   242.188,   242.188,   242.188,   242.188
 242.692,   242.692,   242.692,   242.692,   242.692
 243.197,   243.197,   243.197,   243.197,   243.197
 243.701,   243.701,   243.701,   243.701,   243.701
 244.206,   244.206,   244.206,   244.206,   244.206
 244.710,   244.710,   244.710,   244.710,   244.710
 245.215,   245.215,   245.215,   245.215,   245.215
 245.719,   245.719,   245.719,   245.719,   245.719
 246.224,   246.224,   246.224,   246.224,   246.224
 246.729,   246.729,   246.729,   246.729,   246.729
 247.233,   247.233,   247.233,   247.233,   247.233
 247.738,   247.738,   247.738,   247.738,   247.738
 248.242,   248.242,   248.242,   248.242,   248.242
 248.747,   248.747,   248.747,   248.747,   248.747
 249.251,   249.251,   249.251,   249.251,   249.251
 249.756,   249.756,   249.756,   249.756,   249.756
 250.260,   250.260,   250.260,   250.260,   250.260
 250.765,   250.765,   250.765,   250.765,   250.765
 251.270,   251.270,   251.270,   251.270,   251.270
 251.774,   251.774,   251.774,   251.774,   251.774
 252.279,   252.279,   252.279,   252.279,   252.279
 252.783,   252.783,   252.783,   252.783,   252.783
 253.288,   253.288,   253.288,   253.288,   253.288
 253.792,   253.792,   253.792,   253.792,   253.792
 254.297,   254.297,   254.297,   254.297,   254.297
 254.801,   254.801,   254.801,   254.801,   254.801
 255.306,   255.306,   255.306,   255.306,   255.306
 255.811,   255.811,   255.811,   255.811,   255.811
 256.315,   256.315,   256.315,   256.315,   256.315
 256.820,   256.820,   256.820,   256.820,   256.820
 257.324,   257.324,   257.324,   257.324,   257.324
 257.829,   257.829,   257.829,   257.829,   257.829
 258.333,   258.333,   258.333,   258.333,   258.333
 258.838,   258.838,   258.838,   258.838,   258.838
 259.342,   259.342,   259.342,   259.342,   259.342
 259.847,   259.847,   259.847,   259.847,   259.847
 260.352,   260.352,   260.352,   260.352,   260.352
 260.856,   260.856,   260.856,   260.856,   260.856
 261.361,   261.361,   261.361,   261.361,   261.361
 261.865,   261.865,   261.865,   261.865,   261.865
 262.370,   262.370,   262.370,   262.370,   262.370
 262.874,   262.874,   262.874,   262.874,   262.874
 263.379,   263.379,   263.379,   263.379,   263.379
 263.883,   263.883,   263.883,   263.883,   263.883
 264.388,   264.388,   264.388,   264.388,   264.388
 264.893,   264.893,   264.893,   264.893,   264.893
 265.397,   265.397,   265.397,   265.397,   265.397
 265.902,   265.902,   265.902,   265.902,   265.902
 266.406,   266.406,   266.406,   266.406,   266.406
 266.911,   266.911,   266.911,   266.911,   266.911
 267.415,   267.415,   267.415,   267.415,   267.415
 267.920,   267.920,   267.920,   267.920,   267.920
 268.424,   268.424,   268.424,   268.424,   268.424
 268.929,   268.929,   268.929,   268.929,   268.929
 269.434,   269.434,   269.434,   269.434,   269.434
 269.938,   269.938,   269.938,   269.938,   269.938
 270.443,   270.443,   270.443,   270.443,   270.443
 270.947,   270.947,   270.947,   270.947,   270.947
 271.452,   271.452,   271.452,   271.452,   271.452
 271.956,   271.956,   271.956,   271.956,   271.956
 272.461,   272.461,   272.461,   272.461,   272.461
 272.966,   272.966,   272.966,   272.965,   272.965
 273.470,   273.470,   273.470,   273.470,   273.470
 273.975,   273.975,   273.975,   273.975,   273.975
 274.479,   274.479,   274.479,   274.479,   274.479
 274.984,   274.984,   274.984,   274.984,   274.984
 275.488,   275.488,   275.488,   275.488,   275.488
 275.993,   275.993,   275.993,   275.993,   275.993
 276.497,   276.497,   276.497,   276.497,   276.497
 277.002,   277.002,   277.002,   277.002,   277.002
 277.507,   277.507,   277.507,   277.507,   277.507
 278.011,   278.011,   278.011,   278.011,   278.011
 278.516,   278.516,   278.516,   278.516,   278.516
 279.020,   279.020,   279.020,   279.020,   279.020
 279.525,   279.525,   279.525,   279.525,   279.525
 280.029,   280.029,   280.029,   280.029,   280.029
 280.534,   280.534,   280.534,   280.534,   280.534
 281.038,   281.038,   281.038,   281.038,   281.038
 281.543,   281.543,   281.543,   281.543,   281.543
 282.048,   282.048,   282.048,   282.048,   282.048
 282.552,   282.552,   282.552,   282.552,   282.552
 283.057,   283.057,   283.057,   283.057,   283.057
 283.561,   283.561,   283.561,   283.561,   283.561
 284.066,   284.066,   284.066,   284.066,   284.066
 284.570,   284.570,   284.570,   284.570,   284.570
 285.075,   285.075,   285.075,   285.075,   285.075
 285.579,   285.579,   285.579,   285.579,   285.579
 286.084,   286.084,   286.084,   286.084,   286.084
 286.589,   286.589,   286.589,   286.589,   286.589
 287.093,   287.093,   287.093,   287.093,   287.093
 287.598,   287.598,   287.598,   287.598,   287.598
 288.102,   288.102,   288.102,   288.102,   288.102
 288.607,   288.607,   288.607,   288.607,   288.607
 289.111,   289.111,   289.111,   289.111,   289.111
 289.616,   289.616,   289.616,   289.616,   289.616
 290.120,   290.120,   290.120,   290.120,   290.120
 290.625,   290.625,   290.625,   290.625,   290.625
 291.130,   291.130,   291.130,   291.130,   291.130
 291.634,   291.634,   291.634,   291.634,   291.634
 292.139,   292.139,   292.139,   292.139,   292.139
 292.643,   292.643,   292.643,   292.643,   292.643
 293.148,   293.148,   293.148,   293.148,   293.148
 293.652,   293.652,   293.652,   293.652,   293.652
 294.157,   294.157,   294.157,   294.157,   294.157
 294.661,   294.661,   294.661,   294.661,   294.661
 295.166,   295.166,   295.166,   295.166,   295.166
 295.671,   295.671,   295.671,   295.671,   295.671
 296.175,   296.175,   296.175,   296.175,   296.175
 296.680,   296.680,   296.680,   296.680,   296.680
 297.184,   297.184,   297.184,   297.184,   297.184
 297.689,   297.689,   297.689,   297.689,   297.689
 298.193,   298.193,   298.193,   298.193,   298.193
 298.698,   298.698,   298.698,   298.698,   298.698
 299.203,   299.203,   299.203,   299.202,   299.202
 299.707,   299.707,   299.707,   299.707,   299.707
 300.212,   300.212,   300.212,   300.212,   300.212
 300.716,   300.716,   300.716,   300.716,   300.716
 301.221,   301.221,   301.221,   301.221,   301.221
 301.725,   301.725,   301.725,   301.725,   301.725
 302.230,   302.230,   302.230,   302.230,   302.230
 302.734,   302.734,   302.734,   302.734,   302.734
 303.239,   303.239,   303.239,   303.239,   303.239
 303.744,   303.744,   303.744,   303.744,   303.743
 304.248,   304.248,   304.248,   304.248,   304.248
 304.753,   304.753,   304.753,   304.753,   304.753
 305.257,   305.257,   305.257,   305.257,   305.257
 305.762,   305.762,   305.762,   305.762,   305.762
 306.266,   306.266,   306.266,   306.266,   306.266
 306.771,   306.771,   306.771,   306.771,   306.771
 307.275,   307.275,   307.275,   307.275,   307.275
 307.780,   307.780,   307.780,   307.780,   307.780
 308.285,   308.285,   308.285,   308.285,   308.285
 308.789,   308.789,   308.789,   308.789,   308.789
 309.294,   309.294,   309.294,   309.294,   309.294
 309.798,   309.798,   309.798,   309.798,   309.798
 310.303,   310.303,   310.303,   310.303,   310.303
 310.807,   310.807,   310.807,   310.807,   310.807
 311.312,   311.312,   311.312,   311.312,   311.312
 311.816,   311.816,   311.816,   311.816,   311.816
 312.321,   312.321,   312.321,   312.321,   312.321
 312.826,   312.826,   312.826,   312.826,   312.826
 313.330,   313.330,   313.330,   313.330,   313.330
 313.835,   313.835,   313.835,   313.835,   313.835
 314.339,   314.339,   314.339,   314.339,   314.339
 314.844,   314.844,   314.844,   314.844,   314.844
 315.348,   315.348,   315.348,   315.348,   315.348
 315.853,   315.853,   315.853,   315.853,   315.853
 316.357,   316.357,   316.357,   316.357,   316.357
 316.862,   316.862,   316.862,   316.862,   316.862
 317.367,   317.367,   317.367,   317.367,   317.367
 317.871,   317.871,   317.871,   317.871,   317.871
 318.376,   318.376,   318.376,   318.376,   318.376
 318.880,   318.880,   318.880,   318.880,   318.880
 319.385,   319.385,   319.385,   319.385,   319.385
 319.889,   319.889,   319.889,   319.889,   319.889
 320.394,   320.394,   320.394,   320.394,   320.394
 320.898,   320.898,   320.898,   320.898,   320.898
 321.403,   321.403,   321.403,   321.403,   321.403
 321.908,   321.908,   321.908,   321.908,   321.908
 322.412,   322.412,   322.412,   322.412,   322.412
 322.917,   322.917,   322.917,   322.917,   322.917
 323.421,   323.421,   323.421,   323.421,   323.421
 323.926,   323.926,   323.926,   323.926,   323.926
 324.430,   324.430,   324.430,   324.430,   324.430
 324.935,   324.935,   324.935,   324.935,   324.935
 325.439,   325.439,   325.439,   325.439,   325.439
 325.944,   325.944,   325.944,   325.944,   325.944
 326.449,   326.449,   326.449,   326.449,   326.449
 326.953,   326.953,   326.953,   326.953,   326.953
 327.458,   327.458,   327.458,   327.458,   327.458
 327.962,   327.962,   327.962,   327.962,   327.962
 328.467,   328.467,   328.467,   328.467,   328.467
 328.971,   328.971,   328.971,   328.971,   328.971
 329.476,   329.476,   329.476,   329.476,   329.476
 329.980,   329.980,   329.980,   329.980,   329.980
 330.485,   330.485,   330.485,   330.485,   330.485
 330.990,   330.990,   330.990,   330.990,   330.990
 331.494,   331.494,   331.494,   331.494,   331.494
 331.999,   331.999,   331.999,   331.999,   331.999
 332.503,   332.503,   332.503,   332.503,   332.503
 333.008,   333.008,   333.008,   333.008,   333.008
 333.512,   333.512,   333.512,   333.512,   333.512
 334.017,   334.017,   334.017,   334.017,   334.017
 334.521,   334.521,   334.521,   334.521,   334.521
 335.026,   335.026,   335.026,   335.026,   335.026
 335.531,   335.531,   335.531,   335.531,   335.531
 336.035,   336.035,   336.035,   336.035,   336.035
 336.540,   336.540,   336.540,   336.540,   336.540
 337.044,   337.044,   337.044,   337.044,   337.044
 337.549,   337.549,   337.549,   337.549,   337.549
 338.053,   338.053,   338.053,   338.053,   338.053
 338.558,   338.558,   338.558,   338.558,   338.558
 339.062,   339.062,   339.062,   339.062,   339.062
 339.567,   339.567,   339.567,   339.567,   339.567
 340.072,   340.072,   340.072,   340.072,   340.072
 340.576,   340.576,   340.576,   340.576,   340.576
 341.081,   341.081,   341.081,   341.081,   341.081
 341.585,   341.585,   341.585,   341.585,   341.585
 342.090,   342.090,   342.090,   342.090,   342.090
 342.594,   342.594,   342.594,   342.594,   342.594
 343.099,   343.099,   343.099,   343.099,   343.099
 343.604,   343.604,   343.604,   343.604,   343.604
 344.108,   344.108,   344.108,   344.108,   344.108
 344.613,   344.613,   344.613,   344.613,   344.613
 345.117,   345.117,   345.117,   345.117,   345.117
 345.622,   345.622,   345.622,   345.622,   345.622
 346.126,   346.126,   346.126,   346.126,   346.126
 346.631,   346.631,   346.631,   346.631,   346.631
 347.135,   347.135,   347.135,   347.135,   347.135
 347.640,   347.640,   347.640,   347.640,   347.640
 348.145,   348.145,   348.145,   348.145,   348.145
 348.649,   348.649,   348.649,   348.649,   348.649
 349.154,   349.154,   349.154,   349.154,   349.154
 349.658,   349.658,   349.658,   349.658,   349.658
 350.163,   350.163,   350.163,   350.163,   350.163
 350.667,   350.667,   350.667,   350.667,   350.667
 351.172,   351.172,   351.172,   351.172,   351.172
 351.676,   351.676,   351.676,   351.676,   351.676
 352.181,   352.181,   352.181,   352.181,   352.181
 352.686,   352.686,   352.686,   352.686,   352.686
 353.190,   353.190,   353.190,   353.190,   353.190
 353.695,   353.695,   353.695,   353.695,   353.695
 354.199,   354.199,   354.199,   354.199,   354.199
 354.704,   354.704,   354.704,   354.704,   354.704
 355.208,   355.208,   355.208,   355.208,   355.208
 355.713,   355.713,   355.713,   355.713,   355.713
 356.217,   356.217,   356.217,   356.217,   356.217
 356.722,   356.722,   356.722,   356.722,   356.722
 357.227,   357.227,   357.227,   357.227,   357.227
 357.731,   357.731,   357.731,   357.731,   357.731
 358.236,   358.236,   358.236,   358.236,   358.236
 358.740,   358.740,   358.740,   358.740,   358.740
 359.245,   359.245,   359.245,   359.245,   359.245
 359.749,   359.749,   359.749,   359.749,   359.749
 360.254,   360.254,   360.254,   360.254,   360.254
 360.758,   360.758,   360.758,   360.758,   360.758
 361.263,   361.263,   361.263,   361.263,   361.263
 361.768,   361.768,   361.768,   361.768,   361.768
 362.272,   362.272,   362.272,   362.272,   362.272
 362.777,   362.777,   362.777,   362.777,   362.777
 363.281,   363.281,   363.281,   363.281,   363.281
 363.786,   363.786,   363.786,   363.786,   363.786
 364.290,   364.290,   364.290,   364.290,   364.290
 364.795,   364.795,   364.795,   364.795,   364.795
 365.299,   365.299,   365.299,   365.299,   365.299
 365.804,   365.804,   365.804,   365.804,   365.804
 366.309,   366.309,   366.309,   366.309,   366.309
 366.813,   366.813,   366.813,   366.813,   366.813
 367.318,   367.318,   367.318,   367.318,   367.318
 367.822,   367.822,   367.822,   367.822,   367.822
 368.327,   368.327,   368.327,   368.327,   368.327
 368.831,   368.831,   368.831,   368.831,   368.831
 369.336,   369.336,   369.336,   369.336,   369.336
 369.841,   369.841,   369.841,   369.841,   369.841
 370.345,   370.345,   370.345,   370.345,   370.345
 370.850,   370.850,   370.850,   370.850,   370.850
 371.354,   371.354,   371.354,   371.354,   371.354
 371.859,   371.859,   371.859,   371.859,   371.859
 372.363,   372.363,   372.363,   372.363,   372.363
 372.868,   372.868,   372.868,   372.868,   372.868
 373.372,   373.372,   373.372,   373.372,   373.372
 373.877,   373.877,   373.877,   373.877,   373.877
 374.382,   374.382,   374.382,   374.382,   374.382
 374.886,   374.886,   374.886,   374.886,   374.886
 375.391,   375.391,   375.391,   375.391,   375.391
 375.895,   375.895,   375.895,   375.895,   375.895
 376.400,   376.400,   376.400,   376.400,   376.400
 376.904,   376.904,   376.904,   376.904,   376.904
 377.409,   377.409,   377.409,   377.409,   377.409
 377.913,   377.913,   377.913,   377.913,   377.913
 378.418,   378.418,   378.418,   378.418,   378.418
 378.923,   378.923,   378.923,   378.923,   378.923
 379.427,   379.427,   379.427,   379.427,   379.427
 379.932,   379.932,   379.932,   379.932,   379.932
 380.436,   380.436,   380.436,   380.436,   380.436
 380.941,   380.941,   380.941,   380.941,   380.941
 381.445,   381.445,   381.445,   381.445,   381.445
 381.950,   381.950,   381.950,   381.950,   381.950
 382.454,   382.454,   382.454,   382.454,   382.454
 382.959,   382.959,   382.959,   382.959,   382.959
 383.464,   383.464,   383.464,   383.464,   383.464
 383.968,   383.968,   383.968,   383.968,   383.968
 384.473,   384.473,   384.473,   384.473,   384.473
 384.977,   384.977,   384.977,   384.977,   384.977
 385.482,   385.482,   385.482,   385.482,   385.482
 385.986,   385.986,   385.986,   385.986,   385.986
 386.491,   386.491,   386.491,   386.491,   386.491
 386.995,   386.995,   386.995,   386.995,   386.995
 387.500,   387.500,   387.500,   387.500,   387.500
 388.005,   388.005,   388.005,   388.005,   388.005
 388.509,   388.509,   388.509,   388.509,   388.509
 389.014,   389.014,   389.014,   389.014,   389.014
 389.518,   389.518,   389.518,   389.518,   389.518
 390.023,   390.023,   390.023,   390.023,   390.023
 390.527,   390.527,   390.527,   390.527,   390.527
 391.032,   391.032,   391.032,   391.032,   391.032
 391.536,   391.536,   391.536,   391.536,   391.536
 392.041,   392.041,   392.041,   392.041,   392.041
 392.546,   392.546,   392.546,   392.546,   392.546
 393.050,   393.050,   393.050,   393.050,   393.050
 393.555,   393.555,   393.555,   393.555,   393.555
 394.059,   394.059,   394.059,   394.059,   394.059
 394.564,   394.564,   394.564,   394.564,   394.564
 395.068,   395.068,   395.068,   395.068,   395.068
 395.573,   395.573,   395.573,   395.573,   395.573
 396.077,   396.077,   396.077,   396.077,   396.077
 396.582,   396.582,   396.582,   396.582,   396.582
 397.087,   397.087,   397.087,   397.087,   397.087
 397.591,   397.591,   397.591,   397.591,   397.591
 398.096,   398.096,   398.096,   398.096,   398.096
 398.600,   398.600,   398.600,   398.600,   398.600
 399.105,   399.105,   399.105,   399.105,   399.105
 399.609,   399.609,   399.609,   399.609,   399.609
 400.114,   400.114,   400.114,   400.114,   400.114
 400.618,   400.618,   400.618,   400.618,   400.618
 401.123,   401.123,   401.123,   401.123,   401.123
 401.628,   401.628,   401.628,   401.628,   401.628
 402.132,   402.132,   402.132,   402.132,   402.132
 402.637,   402.637,   402.637,   402.637,   402.637
 403.141,   403.141,   403.141,   403.141,   403.141
 403.646,   403.646,   403.646,   403.646,   403.646
 404.150,   404.150,   404.150,   404.150,   404.150
 404.655,   404.655,   404.655,   404.655,   404.655
 405.160,   405.160,   405.160,   405.160,   405.160
 405.664,   405.664,   405.664,   405.664,   405.664
 406.169,   406.169,   406.169,   406.169,   406.169
 406.673,   406.673,   406.673,   406.673,   406.673
 407.178,   407.178,   407.178,   407.178,   407.178
 407.682,   407.682,   407.682,   407.682,   407.682
 408.187,   408.187,   408.187,   408.187,   408.187
 408.691,   408.691,   408.691,   408.691,   408.691
 409.196,   409.196,   409.196,   409.196,   409.196
 409.701,   409.701,   409.701,   409.701,   409.701
 410.205,   410.205,   410.205,   410.205,   410.205
 410.710,   410.710,   410.710,   410.710,   410.710
 411.214,   411.214,   411.214,   411.214,   411.214
 411.719,   411.719,   411.719,   411.719,   411.719
 412.223,   412.223,   412.223,   412.223,   412.223
 412.728,   412.728,   412.728,   412.728,   412.728
 413.232,   413.232,   413.232,   413.232,   413.232
 413.737,   413.737,   413.737,   413.737,   413.737
 414.242,   414.242,   414.242,   414.242,   414.242
 414.746,   414.746,   414.746,   414.746,   414.746
 415.251,   415.251,   415.251,   415.251,   415.251
 415.755,   415.755,   415.755,   415.755,   415.755
 416.260,   416.260,   416.260,   416.260,   416.260
 416.764,   416.764,   416.764,   416.764,   416.764
 417.269,   417.269,   417.269,   417.269,   417.269
 417.773,   417.773,   417.773,   417.773,   417.773
 418.278,   418.278,   418.278,   418.278,   418.278
 418.783,   418.783,   418.783,   418.783,   418.783
 419.287,   419.287,   419.287,   419.287,   419.287
 419.792,   419.792,   419.792,   419.792,   419.792
 420.296,   420.296,   420.296,   420.296,   420.296
 420.801,   420.801,   420.801,   420.801,   420.801
 421.305,   421.305,   421.305,   421.305,   421.305
 421.810,   421.810,   421.810,   421.810,   421.810
 422.314,   422.314,   422.314,   422.314,   422.314
 422.819,   422.819,   422.819,   422.819,   422.819
 423.324,   423.324,   423.324,   423.324,   423.324
 423.828,   423.828,   423.828,   423.828,   423.828
 424.333,   424.333,   424.333,   424.333,   424.333
 424.837,   424.837,   424.837,   424.837,   424.837
 425.342,   425.342,   425.342,   425.342,   425.342
 425.846,   425.846,   425.846,   425.846,   425.846
 426.351,   426.351,   426.351,   426.351,   426.351
 426.855,   426.855,   426.855,   426.855,   426.855
 427.360,   427.360,   427.360,   427.360,   427.360
 427.865,   427.865,   427.865,   427.865,   427.865
 428.369,   428.369,   428.369,   428.369,   428.369
 428.874,   428.874,   428.874,   428.874,   428.874
 429.378,   429.378,   429.378,   429.378,   429.378
 429.883,   429.883,   429.883,   429.883,   429.883
 430.387,   430.387,   430.387,   430.387,   430.387
 430.892,   430.892,   430.892,   430.892,   430.892
 431.397,   431.397,   431.397,   431.397,   431.397
 431.901,   431.901,   431.901,   431.901,   431.901
 432.406,   432.406,   432.406,   432.406,   432.406
 432.910,   432.910,   432.910,   432.910,   432.910
 433.415,   433.415,   433.415,   433.415,   433.415
 433.919,   433.919,   433.919,   433.919,   433.919
 434.424,   434.424,   434.424,   434.424,   434.424
 434.928,   434.928,   434.928,   434.928,   434.928
 435.433,   435.433,   435.433,   435.433,   435.433
 435.938,   435.938,   435.938,   435.938,   435.938
 436.442,   436.442,   436.442,   436.442,   436.442
 436.947,   436.947,   436.947,   436.947,   436.947
 437.451,   437.451,   437.451,   437.451,   437.451
 437.956,   437.956,   437.956,   437.956,   437.956
 438.460,   438.460,   438.460,   438.460,   438.460
 438.965,   438.965,   438.965,   438.965,   438.965
 439.469,   439.469,   439.469,   439.469,   439.469
 439.974,   439.974,   439.974,   439.974,   439.974
 440.479,   440.479,   440.479,   440.479,   440.479
 440.983,   440.983,   440.983,   440.983,   440.983
 441.488,   441.488,   441.488,   441.488,   441.488
 441.992,   441.992,   441.992,   441.992,   441.992
 442.497,   442.497,   442.497,   442.497,   442.497
 443.001,   443.001,   443.001,   443.001,   443.001
 443.506,   443.506,   443.506,   443.506,   443.506
 444.010,   444.010,   444.010,   444.010,   444.010
 444.515,   444.515,   444.515,   444.515,   444.515
 445.020,   445.020,   445.020,   445.020,   445.020
 445.524,   445.524,   445.524,   445.524,   445.524
 446.029,   446.029,   446.029,   446.029,   446.029
 446.533,   446.533,   446.533,   446.533,   446.533
 447.038,   447.038,   447.038,   447.038,   447.038
 447.542,   447.542,   447.542,   447.542,   447.542
 448.047,   448.047,   448.047,   448.047,   448.047
 448.551,   448.551,   448.551,   448.551,   448.551
 449.056,   449.056,   449.056,   449.056,   449.056
 449.561,   449.561,   449.561,   449.561,   449.561
 450.065,   450.065,   450.065,   450.065,   450.065
 450.570,   450.570,   450.570,   450.570,   450.570
 451.074,   451.074,   451.074,   451.074,   451.074
 451.579,   451.579,   451.579,   451.579,   451.579
 452.083,   452.083,   452.083,   452.083,   452.083
 452.588,   452.588,   452.588,   452.588,   452.588
 453.092,   453.092,   453.092,   453.092,   453.092
 453.597,   453.597,   453.597,   453.597,   453.597
 454.102,   454.102,   454.102,   454.102,   454.102
 454.606,   454.606,   454.606,   454.606,   454.606
 455.111,   455.111,   455.111,   455.111,   455.111
 455.615,   455.615,   455.615,   455.615,   455.615
 456.120,   456.120,   456.120,   456.120,   456.120
 456.624,   456.624,   456.624,   456.624,   456.624
 457.129,   457.129,   457.129,   457.129,   457.129
 457.633,   457.633,   457.633,   457.633,   457.633
 458.138,   458.138,   458.138,   458.138,   458.138
 458.643,   458.643,   458.643,   458.643,   458.643
 459.147,   459.147,   459.147,   459.147,   459.147
 459.652,   459.652,   459.652,   459.652,   459.652
 460.156,   460.156,   460.156,   460.156,   460.156
 460.661,   460.661,   460.661,   460.661,   460.661
 461.165,   461.165,   461.165,   461.165,   461.165
 461.670,   461.670,   461.670,   461.670,   461.670
 462.174,   462.174,   462.174,   462.174,   462.174
 462.679,   462.679,   462.679,   462.679,   462.679
 463.184,   463.184,   463.184,   463.184,   463.184
 463.688,   463.688,   463.688,   463.688,   463.688
 464.193,   464.193,   464.193,   464.193,   464.193
 464.697,   464.697,   464.697,   464.697,   464.697
 465.202,   465.202,   465.202,   465.202,   465.202
 465.706,   465.706,   465.706,   465.706,   465.706
 466.211,   466.211,   466.211,   466.211,   466.211
 466.716,   466.716,   466.716,   466.716,   466.716
 467.220,   467.220,   467.220,   467.220,   467.220
 467.725,   467.725,   467.725,   467.725,   467.725
 468.229,   468.229,   468.229,   468.229,   468.229
 468.734,   468.734,   468.734,   468.734,   468.734
 469.238,   469.238,   469.238,   469.238,   469.238
 469.743,   469.743,   469.743,   469.743,   469.743
 470.247,   470.247,   470.247,   470.247,   470.247
 470.752,   470.752,   470.752,   470.752,   470.752
 471.257,   471.257,   471.257,   471.257,   471.257
 471.761,   471.761,   471.761,   471.761,   471.761
 472.266,   472.266,   472.266,   472.266,   472.266
 472.770,   472.770,   472.770,   472.770,   472.770
 473.275,   473.275,   473.275,   473.275,   473.275
 473.779,   473.779,   473.779,   473.779,   473.779
 474.284,   474.284,   474.284,   474.284,   474.284
 474.788,   474.788,   474.788,   474.788,   474.788
 475.293,   475.293,   475.293,   475.293,   475.293
 475.798,   475.798,   475.798,   475.798,   475.798
 476.302,   476.302,   476.302,   476.302,   476.302
 476.807,   476.807,   476.807,   476.807,   476.807
 477.311,   477.311,   477.311,   477.311,   477.311
 477.816,   477.816,   477.816,   477.816,   477.816
 478.320,   478.320,   478.320,   478.320,   478.320
 478.825,   478.825,   478.825,   478.825,   478.825
 479.329,   479.329,   479.329,   479.329,   479.329
 479.834,   479.834,   479.834,   479.834,   479.834
 480.339,   480.339,   480.339,   480.339,   480.339
 480.843,   480.843,   480.843,   480.843,   480.843
 481.348,   481.348,   481.348,   481.348,   481.348
 481.852,   481.852,   481.852,   481.852,   481.852
 482.357,   482.357,   482.357,   482.357,   482.357
 482.861,   482.861,   482.861,   482.861,   482.861
 483.366,   483.366,   483.366,   483.366,   483.366
 483.870,   483.870,   483.870,   483.870,   483.870
 484.375,   484.375,   484.375,   484.375,   484.375
 484.880,   484.880,   484.880,   484.880,   484.880
 485.384,   485.384,   485.384,   485.384,   485.384
 485.889,   485.889,   485.889,   485.889,   485.889
 486.393,   486.393,   486.393,   486.393,   486.393
 486.898,   486.898,   486.898,   486.898,   486.898
 487.402,   487.402,   487.402,   487.402,   487.402
 487.907,   487.907,   487.907,   487.907,   487.907
 488.411,   488.411,   488.411,   488.411,   488.411
 488.916,   488.916,   488.916,   488.916,   488.916
 489.421,   489.421,   489.421,   489.421,   489.421
 489.925,   489.925,   489.925,   489.925,   489.925
 490.430,   490.430,   490.430,   490.430,   490.430
 490.934,   490.934,   490.934,   490.934,   490.934
 491.439,   491.439,   491.439,   491.439,   491.439
 491.943,   491.943,   491.943,   491.943,   491.943
 492.448,   492.448,   492.448,   492.448,   492.448
 492.952,   492.952,   492.952,   492.952,   492.952
 493.457,   493.457,   493.457,   493.457,   493.457
 493.962,   493.962,   493.962,   493.962,   493.962
 494.466,   494.466,   494.466,   494.466,   494.466
 494.971,   494.971,   494.971,   494.971,   494.971
 495.475,   495.475,   495.475,   495.475,   495.475
 495.980,   495.980,   495.980,   495.980,   495.980
 496.484,   496.484,   496.484,   496.484,   496.484
 496.989,   496.989,   496.989,   496.989,   496.989
 497.493,   497.493,   497.493,   497.493,   497.493
 497.998,   497.998,   497.998,   497.998,   497.998
 498.503,   498.503,   498.503,   498.503,   498.503
 499.007,   499.007,   499.007,   499.007,   499.007
 499.512,   499.512,   499.512,   499.512,   499.512
 500.016,   500.016,   500.016,   500.016,   500.016
 500.521,   500.521,   500.521,   500.521,   500.521
 501.025,   501.025,   501.025,   501.025,   501.025
 501.530,   501.530,   501.530,   501.530,   501.530
 502.035,   502.035,   502.035,   502.035,   502.035
 502.539,   502.539,   502.539,   502.539,   502.539
 503.044,   503.044,   503.044,   503.044,   503.044
 503.548,   503.548,   503.548,   503.548,   503.548
 504.053,   504.053,   504.053,   504.053,   504.053
 504.557,   504.557,   504.557,   504.557,   504.557
 505.062,   505.062,   505.062,   505.062,   505.062
 505.566,   505.566,   505.566,   505.566,   505.566
 506.071,   506.071,   506.071,   506.071,   506.071
 506.576,   506.576,   506.576,   506.576,   506.576
 507.080,   507.080,   507.080,   507.080,   507.080
 507.585,   507.585,   507.585,   507.585,   507.585
 508.089,   508.089,   508.089,   508.089,   508.089
 508.594,   508.594,   508.594,   508.594,   508.594
 509.098,   509.098,   509.098,   509.098,   509.098
 509.603,   509.603,   509.603,   509.603,   509.603
 510.107,   510.107,   510.107,   510.107,   510.107
 510.612,   510.612,   510.612,   510.612,   510.612
 511.117,   511.117,   511.117,   511.117,   511.117
 511.621,   511.621,   511.621,   511.621,   511.621
 512.126,   512.126,   512.126,   512.126,   512.126
 512.630,   512.630,   512.630,   512.630,   512.630
 513.135,   513.135,   513.135,   513.135,   513.135
 513.639,   513.639,   513.639,   513.639,   513.639
 514.144,   514.144,   514.144,   514.144,   514.144
 514.648,   514.648,   514.648,   514.648,   514.648
 515.153,   515.153,   515.153,   515.153,   515.153
 515.658,   515.658,   515.658,   515.658,   515.658
 516.162,   516.162,   516.162,   516.162,   516.162
