2018 Testbeam Scan2 timing data
 Module1    Module2    Module3    Module4    Module5
   1.953,     7.026,     7.541,    -9.315,    -2.182
   2.946,     8.019,     8.620,    -7.896,    -1.382
   3.939,     9.012,     9.526,    -7.447,    -0.298
   4.931,    10.005,    10.476,    -6.378,     0.448
   5.924,    10.998,    11.575,    -5.222,     1.302
   6.917,    11.991,    12.707,    -4.099,     2.592
   7.910,    12.983,    13.539,    -2.781,     3.566
   8.903,    13.976,    14.713,    -1.835,     4.722
   9.896,    14.969,    15.569,    -1.204,     5.774
  10.889,    15.962,    16.857,     0.020,     6.697
  11.881,    16.955,    17.218,     0.989,     7.553
  12.874,    17.948,    18.302,     1.950,     8.418
  13.867,    18.940,    19.899,     2.947,     9.568
  14.860,    19.933,    20.409,     4.154,    10.595
  15.853,    20.926,    21.042,     5.359,    11.494
  16.846,    21.919,    22.534,     6.424,    12.651
  17.838,    22.912,    23.566,     7.069,    13.286
  18.831,    23.904,    24.719,     8.492,    14.284
  19.824,    24.897,    25.415,     9.176,    15.224
  20.817,    25.890,    26.884,    10.220,    16.459
  21.810,    26.883,    27.809,    11.112,    17.011
  22.802,    27.876,    28.554,    12.311,    18.416
  23.795,    28.869,    29.482,    13.143,    19.314
  24.788,    29.862,    30.267,    14.491,    20.270
  25.781,    30.854,    31.216,    15.108,    21.218
  26.774,    31.847,    32.508,    16.417,    22.218
  27.767,    32.840,    33.540,    17.206,    23.336
  28.759,    33.833,    34.684,    18.544,    24.253
  29.752,    34.826,    35.684,    19.078,    25.401
  30.745,    35.819,    36.855,    19.997,    26.309
  31.738,    36.811,    37.697,    21.188,    27.509
  32.731,    37.804,    39.062,    21.925,    28.375
  33.724,    38.797,    39.927,    22.964,    29.532
  34.717,    39.790,    40.580,    24.256,    30.592
  35.709,    40.783,    41.552,    25.375,    31.590
  36.702,    41.776,    42.876,    26.358,    32.496
  37.695,    42.769,    43.877,    27.172,    33.601
  38.688,    43.761,    44.906,    28.309,    34.647
  39.681,    44.754,    45.550,    29.188,    35.538
  40.674,    45.747,    46.407,    30.348,    36.399
  41.666,    46.740,    47.559,    31.164,    37.339
  42.659,    47.733,    48.733,    32.320,    38.712
  43.652,    48.725,    49.480,    32.978,    39.677
  44.645,    49.718,    50.958,    34.140,    40.644
  45.638,    50.711,    51.588,    35.125,    41.471
  46.631,    51.704,    52.841,    36.059,    42.515
  47.623,    52.697,    53.692,    37.461,    43.893
  48.616,    53.690,    54.881,    38.046,    44.659
  49.609,    54.682,    55.656,    39.023,    45.632
  50.602,    55.675,    56.604,    40.130,    46.610
  51.595,    56.668,    57.909,    41.090,    48.029
  52.588,    57.661,    58.948,    41.844,    48.569
  53.581,    58.654,    59.707,    43.019,    49.896
  54.573,    59.647,    60.513,    43.855,    50.661
  55.566,    60.640,    61.925,    45.083,    51.754
  56.559,    61.632,    62.629,    45.709,    52.580
  57.552,    62.625,    63.809,    46.823,    53.354
  58.545,    63.618,    64.861,    47.964,    54.432
  59.538,    64.611,    65.879,    49.303,    55.437
  60.530,    65.604,    66.972,    50.078,    56.402
  61.523,    66.597,    67.898,    50.942,    57.837
  62.516,    67.589,    68.490,    51.974,    58.571
  63.509,    68.582,    69.559,    53.267,    59.166
  64.502,    69.575,    70.788,    54.236,    60.538
  65.495,    70.568,    71.673,    55.185,    61.633
  66.487,    71.561,    72.804,    56.008,    62.537
  67.480,    72.554,    73.513,    57.077,    63.768
  68.473,    73.546,    74.606,    58.079,    64.281
  69.466,    74.539,    75.580,    58.994,    65.526
  70.459,    75.532,    76.573,    60.018,    66.472
  71.452,    76.525,    77.565,    61.257,    67.585
  72.444,    77.518,    78.558,    62.034,    68.569
  73.437,    78.511,    79.551,    62.797,    69.900
  74.430,    79.504,    80.544,    63.963,    70.827
  75.423,    80.496,    81.537,    64.577,    71.643
  76.416,    81.489,    82.530,    65.825,    72.611
  77.409,    82.482,    83.522,    66.683,    73.525
  78.401,    83.475,    84.515,    67.706,    74.679
  79.394,    84.468,    85.508,    68.873,    75.826
  80.387,    85.460,    86.501,    69.975,    76.558
  81.380,    86.453,    87.494,    70.865,    78.095
  82.373,    87.446,    88.487,    72.060,    78.859
  83.366,    88.439,    89.480,    72.871,    79.856
  84.359,    89.432,    90.472,    74.100,    80.759
  85.351,    90.425,    91.465,    74.717,    81.839
  86.344,    91.418,    92.458,    75.793,    82.900
  87.337,    92.410,    93.451,    76.779,    83.822
  88.330,    93.403,    94.444,    78.022,    84.746
  89.323,    94.396,    95.436,    78.940,    85.855
  90.316,    95.389,    96.429,    80.118,    86.829
  91.308,    96.382,    97.422,    80.754,    87.653
  92.301,    97.375,    98.415,    82.003,    88.664
  93.294,    98.367,    99.408,    83.147,    89.678
  94.287,    99.360,   100.401,    83.638,    90.987
  95.280,   100.353,   101.393,    85.050,    91.628
  96.273,   101.346,   102.386,    85.909,    92.802
  97.265,   102.339,   103.379,    86.725,    93.821
  98.258,   103.332,   104.372,    87.951,    94.682
  99.251,   104.324,   105.365,    88.757,    95.915
 100.244,   105.317,   106.358,    89.846,    96.606
 101.237,   106.310,   107.351,    90.725,    98.042
 102.230,   107.303,   108.343,    91.698,    98.537
 103.222,   108.296,   109.336,    92.740,    99.642
 104.215,   109.289,   110.329,    93.939,   100.780
 105.208,   110.281,   111.322,    94.852,   101.691
 106.201,   111.274,   112.315,    95.839,   102.659
 107.194,   112.267,   113.308,    96.827,   103.843
 108.187,   113.260,   114.300,    97.964,   104.732
 109.179,   114.253,   115.293,    98.889,   105.946
 110.172,   115.246,   116.286,    99.656,   106.647
 111.165,   116.238,   117.279,   100.713,   107.518
 112.158,   117.231,   118.272,   101.706,   108.889
 113.151,   118.224,   119.264,   102.699,   109.733
 114.144,   119.217,   120.257,   103.692,   110.750
 115.136,   120.210,   121.250,   104.685,   111.921
 116.129,   121.203,   122.243,   105.677,   112.937
 117.122,   122.196,   123.236,   106.670,   113.630
 118.115,   123.188,   124.229,   107.663,   114.795
 119.108,   124.181,   125.222,   108.656,   115.788
 120.101,   125.174,   126.214,   109.649,   116.781
 121.093,   126.167,   127.207,   110.642,   117.774
 122.086,   127.160,   128.200,   111.634,   118.766
 123.079,   128.153,   129.193,   112.627,   119.759
 124.072,   129.145,   130.186,   113.620,   120.752
 125.065,   130.138,   131.179,   114.613,   121.745
 126.058,   131.131,   132.171,   115.606,   122.738
 127.050,   132.124,   133.164,   116.599,   123.731
 128.043,   133.117,   134.157,   117.591,   124.723
 129.036,   134.109,   135.150,   118.584,   125.716
 130.029,   135.102,   136.143,   119.577,   126.709
 131.022,   136.095,   137.136,   120.570,   127.702
 132.015,   137.088,   138.128,   121.563,   128.695
 133.007,   138.081,   139.121,   122.556,   129.688
 134.000,   139.074,   140.114,   123.548,   130.680
 134.993,   140.066,   141.107,   124.541,   131.673
 135.986,   141.059,   142.100,   125.534,   132.666
 136.979,   142.052,   143.093,   126.527,   133.659
 137.972,   143.045,   144.085,   127.520,   134.652
 138.964,   144.038,   145.078,   128.513,   135.645
 139.957,   145.031,   146.071,   129.505,   136.637
 140.950,   146.024,   147.064,   130.498,   137.630
 141.943,   147.016,   148.057,   131.491,   138.623
 142.936,   148.009,   149.050,   132.484,   139.616
 143.929,   149.002,   150.042,   133.477,   140.609
 144.922,   149.995,   151.035,   134.470,   141.602
 145.914,   150.988,   152.028,   135.463,   142.594
 146.907,   151.981,   153.021,   136.455,   143.587
 147.900,   152.973,   154.014,   137.448,   144.580
 148.893,   153.966,   155.007,   138.441,   145.573
 149.886,   154.959,   156.000,   139.434,   146.566
 150.879,   155.952,   156.992,   140.427,   147.559
 151.871,   156.945,   157.985,   141.420,   148.552
 152.864,   157.938,   158.978,   142.412,   149.544
 153.857,   158.931,   159.971,   143.405,   150.537
 154.850,   159.923,   160.964,   144.398,   151.530
 155.843,   160.916,   161.957,   145.391,   152.523
 156.836,   161.909,   162.949,   146.384,   153.516
 157.828,   162.902,   163.942,   147.377,   154.509
 158.821,   163.895,   164.935,   148.369,   155.501
 159.814,   164.888,   165.928,   149.362,   156.494
 160.807,   165.880,   166.921,   150.355,   157.487
 161.800,   166.873,   167.914,   151.348,   158.480
 162.793,   167.866,   168.906,   152.341,   159.473
 163.785,   168.859,   169.899,   153.334,   160.466
 164.778,   169.852,   170.892,   154.326,   161.458
 165.771,   170.845,   171.885,   155.319,   162.451
 166.764,   171.837,   172.878,   156.312,   163.444
 167.757,   172.830,   173.871,   157.305,   164.437
 168.750,   173.823,   174.863,   158.298,   165.430
 169.742,   174.816,   175.856,   159.291,   166.423
 170.735,   175.809,   176.849,   160.283,   167.415
 171.728,   176.802,   177.842,   161.276,   168.408
 172.721,   177.794,   178.835,   162.269,   169.401
 173.714,   178.787,   179.828,   163.262,   170.394
 174.707,   179.780,   180.820,   164.255,   171.387
 175.700,   180.773,   181.813,   165.248,   172.380
 176.692,   181.766,   182.806,   166.241,   173.372
 177.685,   182.759,   183.799,   167.233,   174.365
 178.678,   183.751,   184.792,   168.226,   175.358
 179.671,   184.744,   185.785,   169.219,   176.351
 180.664,   185.737,   186.777,   170.212,   177.344
 181.657,   186.730,   187.770,   171.205,   178.337
 182.649,   187.723,   188.763,   172.198,   179.330
 183.642,   188.716,   189.756,   173.190,   180.322
 184.635,   189.709,   190.749,   174.183,   181.315
 185.628,   190.701,   191.742,   175.176,   182.308
 186.621,   191.694,   192.735,   176.169,   183.301
 187.614,   192.687,   193.727,   177.162,   184.294
 188.607,   193.680,   194.720,   178.155,   185.287
 189.599,   194.673,   195.713,   179.147,   186.279
 190.592,   195.666,   196.706,   180.140,   187.272
 191.585,   196.658,   197.699,   181.133,   188.265
 192.578,   197.651,   198.692,   182.126,   189.258
 193.571,   198.644,   199.684,   183.119,   190.251
 194.564,   199.637,   200.677,   184.112,   191.244
 195.556,   200.630,   201.670,   185.104,   192.237
 196.549,   201.623,   202.663,   186.097,   193.229
 197.542,   202.615,   203.656,   187.090,   194.222
 198.535,   203.608,   204.649,   188.083,   195.215
 199.528,   204.601,   205.641,   189.076,   196.208
 200.521,   205.594,   206.634,   190.069,   197.201
 201.513,   206.587,   207.627,   191.061,   198.194
 202.506,   207.580,   208.620,   192.054,   199.186
 203.499,   208.572,   209.613,   193.047,   200.179
 204.492,   209.565,   210.606,   194.040,   201.172
 205.485,   210.558,   211.598,   195.033,   202.165
 206.478,   211.551,   212.591,   196.026,   203.158
 207.470,   212.544,   213.584,   197.018,   204.151
 208.463,   213.537,   214.577,   198.011,   205.143
 209.456,   214.529,   215.570,   199.004,   206.136
 210.449,   215.522,   216.563,   199.997,   207.129
 211.442,   216.515,   217.555,   200.990,   208.122
 212.435,   217.508,   218.548,   201.983,   209.115
 213.427,   218.501,   219.541,   202.976,   210.108
 214.420,   219.494,   220.534,   203.968,   211.100
 215.413,   220.487,   221.527,   204.961,   212.093
 216.406,   221.479,   222.520,   205.954,   213.086
 217.399,   222.472,   223.513,   206.947,   214.079
 218.392,   223.465,   224.505,   207.940,   215.072
 219.384,   224.458,   225.498,   208.933,   216.065
 220.377,   225.451,   226.491,   209.925,   217.057
 221.370,   226.444,   227.484,   210.918,   218.050
 222.363,   227.436,   228.477,   211.911,   219.043
 223.356,   228.429,   229.470,   212.904,   220.036
 224.349,   229.422,   230.462,   213.897,   221.029
 225.342,   230.415,   231.455,   214.890,   222.022
 226.334,   231.408,   232.448,   215.883,   223.015
 227.327,   232.401,   233.441,   216.875,   224.007
 228.320,   233.393,   234.434,   217.868,   225.000
 229.313,   234.386,   235.427,   218.861,   225.993
 230.306,   235.379,   236.420,   219.854,   226.986
 231.299,   236.372,   237.412,   220.847,   227.979
 232.291,   237.365,   238.405,   221.840,   228.972
 233.284,   238.358,   239.398,   222.832,   229.964
 234.277,   239.350,   240.391,   223.825,   230.957
 235.270,   240.343,   241.384,   224.818,   231.950
 236.263,   241.336,   242.377,   225.811,   232.943
 237.256,   242.329,   243.369,   226.804,   233.936
 238.248,   243.322,   244.362,   227.797,   234.929
 239.241,   244.315,   245.355,   228.789,   235.921
 240.234,   245.307,   246.348,   229.782,   236.914
 241.227,   246.300,   247.341,   230.775,   237.907
 242.220,   247.293,   248.334,   231.768,   238.900
 243.213,   248.286,   249.326,   232.761,   239.893
 244.205,   249.279,   250.319,   233.754,   240.886
 245.198,   250.272,   251.312,   234.746,   241.878
 246.191,   251.265,   252.305,   235.739,   242.871
 247.184,   252.257,   253.298,   236.732,   243.864
 248.177,   253.250,   254.291,   237.725,   244.857
 249.170,   254.243,   255.283,   238.718,   245.850
 250.162,   255.236,   256.276,   239.711,   246.843
 251.155,   256.229,   257.269,   240.703,   247.835
 252.148,   257.222,   258.262,   241.696,   248.828
 253.141,   258.214,   259.255,   242.689,   249.821
 254.134,   259.207,   260.248,   243.682,   250.814
 255.127,   260.200,   261.240,   244.675,   251.807
 256.120,   261.193,   262.233,   245.668,   252.800
 257.112,   262.186,   263.226,   246.661,   253.792
 258.105,   263.179,   264.219,   247.653,   254.785
 259.098,   264.171,   265.212,   248.646,   255.778
 260.091,   265.164,   266.205,   249.639,   256.771
 261.084,   266.157,   267.197,   250.632,   257.764
 262.077,   267.150,   268.190,   251.625,   258.757
 263.069,   268.143,   269.183,   252.617,   259.750
 264.062,   269.136,   270.176,   253.610,   260.742
 265.055,   270.128,   271.169,   254.603,   261.735
 266.048,   271.121,   272.162,   255.596,   262.728
 267.041,   272.114,   273.154,   256.589,   263.721
 268.034,   273.107,   274.147,   257.582,   264.714
 269.026,   274.100,   275.140,   258.574,   265.706
 270.019,   275.093,   276.133,   259.567,   266.699
 271.012,   276.085,   277.126,   260.560,   267.692
 272.005,   277.078,   278.119,   261.553,   268.685
 272.998,   278.071,   279.111,   262.546,   269.678
 273.991,   279.064,   280.104,   263.539,   270.671
 274.983,   280.057,   281.097,   264.532,   271.663
 275.976,   281.050,   282.090,   265.524,   272.656
 276.969,   282.042,   283.083,   266.517,   273.649
 277.962,   283.035,   284.076,   267.510,   274.642
 278.955,   284.028,   285.068,   268.503,   275.635
 279.948,   285.021,   286.061,   269.496,   276.628
 280.940,   286.014,   287.054,   270.488,   277.620
 281.933,   287.007,   288.047,   271.481,   278.613
 282.926,   287.999,   289.040,   272.474,   279.606
 283.919,   288.992,   290.033,   273.467,   280.599
 284.912,   289.985,   291.025,   274.460,   281.592
 285.905,   290.978,   292.018,   275.453,   282.585
 286.897,   291.971,   293.011,   276.445,   283.577
 287.890,   292.964,   294.004,   277.438,   284.570
 288.883,   293.956,   294.997,   278.431,   285.563
 289.876,   294.949,   295.990,   279.424,   286.556
 290.869,   295.942,   296.982,   280.417,   287.549
 291.862,   296.935,   297.975,   281.410,   288.542
 292.854,   297.928,   298.968,   282.403,   289.534
 293.847,   298.921,   299.961,   283.395,   290.527
 294.840,   299.913,   300.954,   284.388,   291.520
 295.833,   300.906,   301.947,   285.381,   292.513
 296.826,   301.899,   302.939,   286.374,   293.506
 297.819,   302.892,   303.932,   287.367,   294.499
 298.811,   303.885,   304.925,   288.359,   295.492
 299.804,   304.878,   305.918,   289.352,   296.484
 300.797,   305.870,   306.911,   290.345,   297.477
 301.790,   306.863,   307.904,   291.338,   298.470
 302.783,   307.856,   308.896,   292.331,   299.463
 303.776,   308.849,   309.889,   293.324,   300.456
 304.768,   309.842,   310.882,   294.316,   301.448
 305.761,   310.835,   311.875,   295.309,   302.441
 306.754,   311.827,   312.868,   296.302,   303.434
 307.747,   312.820,   313.861,   297.295,   304.427
 308.740,   313.813,   314.853,   298.288,   305.420
 309.733,   314.806,   315.846,   299.281,   306.413
 310.725,   315.799,   316.839,   300.274,   307.405
 311.718,   316.792,   317.832,   301.266,   308.398
 312.711,   317.784,   318.825,   302.259,   309.391
 313.704,   318.777,   319.818,   303.252,   310.384
 314.697,   319.770,   320.810,   304.245,   311.377
 315.690,   320.763,   321.803,   305.238,   312.370
 316.682,   321.756,   322.796,   306.230,   313.362
 317.675,   322.749,   323.789,   307.223,   314.355
 318.668,   323.741,   324.782,   308.216,   315.348
 319.661,   324.734,   325.775,   309.209,   316.341
 320.654,   325.727,   326.767,   310.202,   317.334
 321.647,   326.720,   327.760,   311.195,   318.327
 322.639,   327.713,   328.753,   312.187,   319.319
 323.632,   328.706,   329.746,   313.180,   320.312
 324.625,   329.698,   330.739,   314.173,   321.305
 325.618,   330.691,   331.732,   315.166,   322.298
 326.611,   331.684,   332.724,   316.159,   323.291
 327.603,   332.677,   333.717,   317.152,   324.284
 328.596,   333.670,   334.710,   318.144,   325.276
 329.589,   334.663,   335.703,   319.137,   326.269
 330.582,   335.655,   336.696,   320.130,   327.262
 331.575,   336.648,   337.689,   321.123,   328.255
 332.568,   337.641,   338.681,   322.116,   329.248
 333.561,   338.634,   339.674,   323.109,   330.241
 334.553,   339.627,   340.667,   324.102,   331.234
 335.546,   340.620,   341.660,   325.094,   332.226
 336.539,   341.612,   342.653,   326.087,   333.219
 337.532,   342.605,   343.646,   327.080,   334.212
 338.525,   343.598,   344.638,   328.073,   335.205
 339.518,   344.591,   345.631,   329.066,   336.198
 340.510,   345.584,   346.624,   330.058,   337.190
 341.503,   346.577,   347.617,   331.051,   338.183
 342.496,   347.569,   348.610,   332.044,   339.176
 343.489,   348.562,   349.603,   333.037,   340.169
 344.482,   349.555,   350.595,   334.030,   341.162
 345.474,   350.548,   351.588,   335.023,   342.155
 346.467,   351.541,   352.581,   336.015,   343.147
 347.460,   352.534,   353.574,   337.008,   344.140
 348.453,   353.526,   354.567,   338.001,   345.133
 349.446,   354.519,   355.560,   338.994,   346.126
 350.439,   355.512,   356.552,   339.987,   347.119
 351.432,   356.505,   357.545,   340.980,   348.112
 352.424,   357.498,   358.538,   341.973,   349.104
 353.417,   358.491,   359.531,   342.965,   350.097
 354.410,   359.483,   360.524,   343.958,   351.090
 355.403,   360.476,   361.517,   344.951,   352.083
 356.396,   361.469,   362.509,   345.944,   353.076
 357.389,   362.462,   363.502,   346.937,   354.069
 358.381,   363.455,   364.495,   347.929,   355.061
 359.374,   364.448,   365.488,   348.922,   356.054
 360.367,   365.440,   366.481,   349.915,   357.047
 361.360,   366.433,   367.474,   350.908,   358.040
 362.353,   367.426,   368.466,   351.901,   359.033
 363.345,   368.419,   369.459,   352.894,   360.026
 364.338,   369.412,   370.452,   353.886,   361.018
 365.331,   370.405,   371.445,   354.879,   362.011
 366.324,   371.397,   372.438,   355.872,   363.004
 367.317,   372.390,   373.431,   356.865,   363.997
 368.310,   373.383,   374.423,   357.858,   364.990
 369.303,   374.376,   375.416,   358.851,   365.983
 370.295,   375.369,   376.409,   359.844,   366.975
 371.288,   376.362,   377.402,   360.836,   367.968
 372.281,   377.354,   378.395,   361.829,   368.961
 373.274,   378.347,   379.388,   362.822,   369.954
 374.267,   379.340,   380.380,   363.815,   370.947
 375.260,   380.333,   381.373,   364.808,   371.940
 376.252,   381.326,   382.366,   365.800,   372.932
 377.245,   382.319,   383.359,   366.793,   373.925
 378.238,   383.311,   384.352,   367.786,   374.918
 379.231,   384.304,   385.345,   368.779,   375.911
 380.224,   385.297,   386.337,   369.772,   376.904
 381.216,   386.290,   387.330,   370.765,   377.897
 382.209,   387.283,   388.323,   371.757,   378.889
 383.202,   388.276,   389.316,   372.750,   379.882
 384.195,   389.268,   390.309,   373.743,   380.875
 385.188,   390.261,   391.302,   374.736,   381.868
 386.181,   391.254,   392.294,   375.729,   382.861
 387.174,   392.247,   393.287,   376.722,   383.854
 388.166,   393.240,   394.280,   377.715,   384.846
 389.159,   394.233,   395.273,   378.707,   385.839
 390.152,   395.225,   396.266,   379.700,   386.832
 391.145,   396.218,   397.259,   380.693,   387.825
 392.138,   397.211,   398.251,   381.686,   388.818
 393.131,   398.204,   399.244,   382.679,   389.811
 394.123,   399.197,   400.237,   383.671,   390.803
 395.116,   400.190,   401.230,   384.664,   391.796
 396.109,   401.182,   402.223,   385.657,   392.789
 397.102,   402.175,   403.216,   386.650,   393.782
 398.095,   403.168,   404.208,   387.643,   394.775
 399.087,   404.161,   405.201,   388.636,   395.768
 400.080,   405.154,   406.194,   389.628,   396.760
 401.073,   406.147,   407.187,   390.621,   397.753
 402.066,   407.139,   408.180,   391.614,   398.746
 403.059,   408.132,   409.173,   392.607,   399.739
 404.052,   409.125,   410.165,   393.600,   400.732
 405.045,   410.118,   411.158,   394.593,   401.725
 406.037,   411.111,   412.151,   395.586,   402.717
 407.030,   412.104,   413.144,   396.578,   403.710
 408.023,   413.096,   414.137,   397.571,   404.703
 409.016,   414.089,   415.130,   398.564,   405.696
 410.009,   415.082,   416.122,   399.557,   406.689
 411.002,   416.075,   417.115,   400.550,   407.682
 411.994,   417.068,   418.108,   401.542,   408.674
 412.987,   418.061,   419.101,   402.535,   409.667
 413.980,   419.053,   420.094,   403.528,   410.660
 414.973,   420.046,   421.087,   404.521,   411.653
 415.966,   421.039,   422.079,   405.514,   412.646
 416.958,   422.032,   423.072,   406.507,   413.639
 417.951,   423.025,   424.065,   407.499,   414.631
 418.944,   424.018,   425.058,   408.492,   415.624
 419.937,   425.010,   426.051,   409.485,   416.617
 420.930,   426.003,   427.044,   410.478,   417.610
 421.923,   426.996,   428.036,   411.471,   418.603
 422.915,   427.989,   429.029,   412.464,   419.596
 423.908,   428.982,   430.022,   413.456,   420.588
 424.901,   429.975,   431.015,   414.449,   421.581
 425.894,   430.967,   432.008,   415.442,   422.574
 426.887,   431.960,   433.001,   416.435,   423.567
 427.880,   432.953,   433.993,   417.428,   424.560
 428.873,   433.946,   434.986,   418.421,   425.553
 429.865,   434.939,   435.979,   419.413,   426.545
 430.858,   435.932,   436.972,   420.406,   427.538
 431.851,   436.924,   437.965,   421.399,   428.531
 432.844,   437.917,   438.958,   422.392,   429.524
 433.837,   438.910,   439.950,   423.385,   430.517
 434.829,   439.903,   440.943,   424.378,   431.510
 435.822,   440.896,   441.936,   425.370,   432.502
 436.815,   441.889,   442.929,   426.363,   433.495
 437.808,   442.881,   443.922,   427.356,   434.488
 438.801,   443.874,   444.915,   428.349,   435.481
 439.794,   444.867,   445.907,   429.342,   436.474
 440.786,   445.860,   446.900,   430.335,   437.467
 441.779,   446.853,   447.893,   431.327,   438.459
 442.772,   447.846,   448.886,   432.320,   439.452
 443.765,   448.838,   449.879,   433.313,   440.445
 444.758,   449.831,   450.872,   434.306,   441.438
 445.751,   450.824,   451.864,   435.299,   442.431
 446.744,   451.817,   452.857,   436.292,   443.424
 447.736,   452.810,   453.850,   437.284,   444.416
 448.729,   453.803,   454.843,   438.277,   445.409
 449.722,   454.795,   455.836,   439.270,   446.402
 450.715,   455.788,   456.829,   440.263,   447.395
 451.708,   456.781,   457.821,   441.256,   448.388
 452.701,   457.774,   458.814,   442.249,   449.381
 453.693,   458.767,   459.807,   443.241,   450.373
 454.686,   459.760,   460.800,   444.234,   451.366
 455.679,   460.752,   461.793,   445.227,   452.359
 456.672,   461.745,   462.786,   446.220,   453.352
 457.665,   462.738,   463.778,   447.213,   454.345
 458.657,   463.731,   464.771,   448.206,   455.338
 459.650,   464.724,   465.764,   449.198,   456.330
 460.643,   465.717,   466.757,   450.191,   457.323
 461.636,   466.709,   467.750,   451.184,   458.316
 462.629,   467.702,   468.743,   452.177,   459.309
 463.622,   468.695,   469.735,   453.170,   460.302
 464.615,   469.688,   470.728,   454.163,   461.295
 465.607,   470.681,   471.721,   455.155,   462.287
 466.600,   471.674,   472.714,   456.148,   463.280
 467.593,   472.666,   473.707,   457.141,   464.273
 468.586,   473.659,   474.700,   458.134,   465.266
 469.579,   474.652,   475.692,   459.127,   466.259
 470.572,   475.645,   476.685,   460.120,   467.252
 471.564,   476.638,   477.678,   461.112,   468.244
 472.557,   477.630,   478.671,   462.105,   469.237
 473.550,   478.623,   479.664,   463.098,   470.230
 474.543,   479.616,   480.657,   464.091,   471.223
 475.536,   480.609,   481.649,   465.084,   472.216
 476.528,   481.602,   482.642,   466.077,   473.209
 477.521,   482.595,   483.635,   467.069,   474.201
 478.514,   483.588,   484.628,   468.062,   475.194
 479.507,   484.580,   485.621,   469.055,   476.187
 480.500,   485.573,   486.614,   470.048,   477.180
 481.493,   486.566,   487.606,   471.041,   478.173
 482.486,   487.559,   488.599,   472.034,   479.166
 483.478,   488.552,   489.592,   473.026,   480.158
 484.471,   489.545,   490.585,   474.019,   481.151
 485.464,   490.537,   491.578,   475.012,   482.144
 486.457,   491.530,   492.571,   476.005,   483.137
 487.450,   492.523,   493.563,   476.998,   484.130
 488.443,   493.516,   494.556,   477.991,   485.123
 489.435,   494.509,   495.549,   478.983,   486.115
 490.428,   495.501,   496.542,   479.976,   487.108
 491.421,   496.494,   497.535,   480.969,   488.101
 492.414,   497.487,   498.528,   481.962,   489.094
 493.407,   498.480,   499.520,   482.955,   490.087
 494.399,   499.473,   500.513,   483.948,   491.080
 495.392,   500.466,   501.506,   484.940,   492.072
 496.385,   501.459,   502.499,   485.933,   493.065
 497.378,   502.451,   503.492,   486.926,   494.058
 498.371,   503.444,   504.485,   487.919,   495.051
 499.364,   504.437,   505.477,   488.912,   496.044
 500.357,   505.430,   506.470,   489.905,   497.037
 501.349,   506.423,   507.463,   490.897,   498.029
 502.342,   507.416,   508.456,   491.890,   499.022
 503.335,   508.408,   509.449,   492.883,   500.015
 504.328,   509.401,   510.442,   493.876,   501.008
 505.321,   510.394,   511.434,   494.869,   502.001
 506.314,   511.387,   512.427,   495.862,   502.994
 507.306,   512.380,   513.420,   496.854,   503.986
 508.299,   513.372,   514.413,   497.847,   504.979
 509.292,   514.365,   515.406,   498.840,   505.972
 510.285,   515.358,   516.399,   499.833,   506.965
 511.278,   516.351,   517.391,   500.826,   507.958
 512.270,   517.344,   518.384,   501.819,   508.951
 513.263,   518.337,   519.377,   502.811,   509.943
 514.256,   519.330,   520.370,   503.804,   510.936
 515.249,   520.322,   521.363,   504.797,   511.929
 516.242,   521.315,   522.356,   505.790,   512.922
 517.235,   522.308,   523.348,   506.783,   513.915
 518.227,   523.301,   524.341,   507.776,   514.908
 519.220,   524.294,   525.334,   508.768,   515.901
 520.213,   525.287,   526.327,   509.761,   516.893
 521.206,   526.279,   527.320,   510.754,   517.886
 522.199,   527.272,   528.313,   511.747,   518.879
 523.192,   528.265,   529.305,   512.740,   519.872
 524.185,   529.258,   530.298,   513.733,   520.865
 525.177,   530.251,   531.291,   514.726,   521.858
 526.170,   531.244,   532.284,   515.718,   522.850
 527.163,   532.237,   533.277,   516.711,   523.843
 528.156,   533.229,   534.270,   517.704,   524.836
 529.149,   534.222,   535.263,   518.697,   525.829
 530.142,   535.215,   536.255,   519.690,   526.822
 531.135,   536.208,   537.248,   520.683,   527.815
 532.127,   537.201,   538.241,   521.676,   528.807
 533.120,   538.194,   539.234,   522.668,   529.800
 534.113,   539.186,   540.227,   523.661,   530.793
 535.106,   540.179,   541.220,   524.654,   531.786
 536.099,   541.172,   542.212,   525.647,   532.779
 537.092,   542.165,   543.205,   526.640,   533.772
 538.084,   543.158,   544.198,   527.633,   534.765
 539.077,   544.151,   545.191,   528.625,   535.757
 540.070,   545.144,   546.184,   529.618,   536.750
 541.063,   546.136,   547.177,   530.611,   537.743
 542.056,   547.129,   548.170,   531.604,   538.736
 543.049,   548.122,   549.162,   532.597,   539.729
 544.042,   549.115,   550.155,   533.590,   540.722
 545.034,   550.108,   551.148,   534.583,   541.714
 546.027,   551.101,   552.141,   535.575,   542.707
 547.020,   552.093,   553.134,   536.568,   543.700
 548.013,   553.086,   554.127,   537.561,   544.693
 549.006,   554.079,   555.119,   538.554,   545.686
 549.999,   555.072,   556.112,   539.547,   546.679
 550.991,   556.065,   557.105,   540.540,   547.672
 551.984,   557.058,   558.098,   541.532,   548.664
 552.977,   558.051,   559.091,   542.525,   549.657
 553.970,   559.043,   560.084,   543.518,   550.650
 554.963,   560.036,   561.077,   544.511,   551.643
 555.956,   561.029,   562.069,   545.504,   552.636
 556.949,   562.022,   563.062,   546.497,   553.629
 557.941,   563.015,   564.055,   547.490,   554.621
 558.934,   564.008,   565.048,   548.482,   555.614
 559.927,   565.000,   566.041,   549.475,   556.607
 560.920,   565.993,   567.034,   550.468,   557.600
 561.913,   566.986,   568.026,   551.461,   558.593
 562.906,   567.979,   569.019,   552.454,   559.586
 563.898,   568.972,   570.012,   553.447,   560.579
 564.891,   569.965,   571.005,   554.439,   561.571
 565.884,   570.958,   571.998,   555.432,   562.564
 566.877,   571.950,   572.991,   556.425,   563.557
 567.870,   572.943,   573.984,   557.418,   564.550
 568.863,   573.936,   574.976,   558.411,   565.543
 569.856,   574.929,   575.969,   559.404,   566.536
 570.848,   575.922,   576.962,   560.397,   567.528
 571.841,   576.915,   577.955,   561.389,   568.521
 572.834,   577.907,   578.948,   562.382,   569.514
 573.827,   578.900,   579.941,   563.375,   570.507
 574.820,   579.893,   580.933,   564.368,   571.500
 575.813,   580.886,   581.926,   565.361,   572.493
 576.805,   581.879,   582.919,   566.354,   573.486
 577.798,   582.872,   583.912,   567.346,   574.478
 578.791,   583.865,   584.905,   568.339,   575.471
 579.784,   584.857,   585.898,   569.332,   576.464
 580.777,   585.850,   586.891,   570.325,   577.457
 581.770,   586.843,   587.883,   571.318,   578.450
 582.763,   587.836,   588.876,   572.311,   579.443
 583.755,   588.829,   589.869,   573.304,   580.435
 584.748,   589.822,   590.862,   574.296,   581.428
 585.741,   590.814,   591.855,   575.289,   582.421
 586.734,   591.807,   592.848,   576.282,   583.414
 587.727,   592.800,   593.840,   577.275,   584.407
 588.720,   593.793,   594.833,   578.268,   585.400
 589.712,   594.786,   595.826,   579.261,   586.393
 590.705,   595.779,   596.819,   580.253,   587.385
 591.698,   596.771,   597.812,   581.246,   588.378
 592.691,   597.764,   598.805,   582.239,   589.371
 593.684,   598.757,   599.798,   583.232,   590.364
 594.677,   599.750,   600.790,   584.225,   591.357
 595.669,   600.743,   601.783,   585.218,   592.350
 596.662,   601.736,   602.776,   586.211,   593.342
 597.655,   602.729,   603.769,   587.203,   594.335
 598.648,   603.721,   604.762,   588.196,   595.328
 599.641,   604.714,   605.755,   589.189,   596.321
 600.634,   605.707,   606.747,   590.182,   597.314
 601.627,   606.700,   607.740,   591.175,   598.307
 602.619,   607.693,   608.733,   592.168,   599.300
 603.612,   608.686,   609.726,   593.160,   600.292
 604.605,   609.678,   610.719,   594.153,   601.285
 605.598,   610.671,   611.712,   595.146,   602.278
 606.591,   611.664,   612.705,   596.139,   603.271
 607.584,   612.657,   613.697,   597.132,   604.264
 608.576,   613.650,   614.690,   598.125,   605.257
 609.569,   614.643,   615.683,   599.117,   606.249
 610.562,   615.635,   616.676,   600.110,   607.242
 611.555,   616.628,   617.669,   601.103,   608.235
 612.548,   617.621,   618.662,   602.096,   609.228
 613.541,   618.614,   619.654,   603.089,   610.221
 614.534,   619.607,   620.647,   604.082,   611.214
 615.526,   620.600,   621.640,   605.075,   612.207
 616.519,   621.593,   622.633,   606.067,   613.199
 617.512,   622.585,   623.626,   607.060,   614.192
 618.505,   623.578,   624.619,   608.053,   615.185
 619.498,   624.571,   625.612,   609.046,   616.178
 620.491,   625.564,   626.604,   610.039,   617.171
 621.483,   626.557,   627.597,   611.032,   618.164
 622.476,   627.550,   628.590,   612.024,   619.156
 623.469,   628.542,   629.583,   613.017,   620.149
 624.462,   629.535,   630.576,   614.010,   621.142
 625.455,   630.528,   631.569,   615.003,   622.135
 626.448,   631.521,   632.561,   615.996,   623.128
 627.440,   632.514,   633.554,   616.989,   624.121
 628.433,   633.507,   634.547,   617.982,   625.114
 629.426,   634.500,   635.540,   618.974,   626.106
 630.419,   635.492,   636.533,   619.967,   627.099
 631.412,   636.485,   637.526,   620.960,   628.092
 632.405,   637.478,   638.518,   621.953,   629.085
 633.398,   638.471,   639.511,   622.946,   630.078
 634.390,   639.464,   640.504,   623.939,   631.071
 635.383,   640.457,   641.497,   624.931,   632.063
 636.376,   641.449,   642.490,   625.924,   633.056
 637.369,   642.442,   643.483,   626.917,   634.049
 638.362,   643.435,   644.476,   627.910,   635.042
 639.355,   644.428,   645.468,   628.903,   636.035
 640.347,   645.421,   646.461,   629.896,   637.028
 641.340,   646.414,   647.454,   630.888,   638.021
 642.333,   647.406,   648.447,   631.881,   639.013
 643.326,   648.399,   649.440,   632.874,   640.006
 644.319,   649.392,   650.433,   633.867,   640.999
 645.312,   650.385,   651.425,   634.860,   641.992
 646.305,   651.378,   652.418,   635.853,   642.985
 647.297,   652.371,   653.411,   636.846,   643.978
 648.290,   653.364,   654.404,   637.838,   644.970
 649.283,   654.356,   655.397,   638.831,   645.963
 650.276,   655.349,   656.390,   639.824,   646.956
 651.269,   656.342,   657.383,   640.817,   647.949
 652.262,   657.335,   658.375,   641.810,   648.942
 653.254,   658.328,   659.368,   642.803,   649.935
 654.247,   659.321,   660.361,   643.795,   650.927
 655.240,   660.313,   661.354,   644.788,   651.920
 656.233,   661.306,   662.347,   645.781,   652.913
 657.226,   662.299,   663.340,   646.774,   653.906
 658.219,   663.292,   664.332,   647.767,   654.899
 659.211,   664.285,   665.325,   648.760,   655.892
 660.204,   665.278,   666.318,   649.753,   656.885
 661.197,   666.271,   667.311,   650.745,   657.877
 662.190,   667.263,   668.304,   651.738,   658.870
 663.183,   668.256,   669.297,   652.731,   659.863
 664.176,   669.249,   670.289,   653.724,   660.856
 665.169,   670.242,   671.282,   654.717,   661.849
 666.161,   671.235,   672.275,   655.710,   662.842
 667.154,   672.228,   673.268,   656.702,   663.834
 668.147,   673.220,   674.261,   657.695,   664.827
 669.140,   674.213,   675.254,   658.688,   665.820
 670.133,   675.206,   676.247,   659.681,   666.813
 671.126,   676.199,   677.239,   660.674,   667.806
 672.118,   677.192,   678.232,   661.667,   668.799
 673.111,   678.185,   679.225,   662.659,   669.792
 674.104,   679.178,   680.218,   663.652,   670.784
 675.097,   680.170,   681.211,   664.645,   671.777
 676.090,   681.163,   682.204,   665.638,   672.770
 677.083,   682.156,   683.196,   666.631,   673.763
 678.076,   683.149,   684.189,   667.624,   674.756
 679.068,   684.142,   685.182,   668.617,   675.749
 680.061,   685.135,   686.175,   669.609,   676.741
 681.054,   686.127,   687.168,   670.602,   677.734
 682.047,   687.120,   688.161,   671.595,   678.727
 683.040,   688.113,   689.154,   672.588,   679.720
 684.033,   689.106,   690.146,   673.581,   680.713
 685.025,   690.099,   691.139,   674.574,   681.706
 686.018,   691.092,   692.132,   675.566,   682.698
 687.011,   692.085,   693.125,   676.559,   683.691
 688.004,   693.077,   694.118,   677.552,   684.684
 688.997,   694.070,   695.111,   678.545,   685.677
 689.990,   695.063,   696.103,   679.538,   686.670
 690.983,   696.056,   697.096,   680.531,   687.663
 691.975,   697.049,   698.089,   681.524,   688.656
 692.968,   698.042,   699.082,   682.516,   689.648
 693.961,   699.034,   700.075,   683.509,   690.641
 694.954,   700.027,   701.068,   684.502,   691.634
 695.947,   701.020,   702.060,   685.495,   692.627
 696.940,   702.013,   703.053,   686.488,   693.620
 697.932,   703.006,   704.046,   687.481,   694.613
 698.925,   703.999,   705.039,   688.473,   695.605
 699.918,   704.992,   706.032,   689.466,   696.598
 700.911,   705.984,   707.025,   690.459,   697.591
 701.904,   706.977,   708.018,   691.452,   698.584
 702.897,   707.970,   709.010,   692.445,   699.577
 703.890,   708.963,   710.003,   693.438,   700.570
 704.882,   709.956,   710.996,   694.431,   701.562
 705.875,   710.949,   711.989,   695.423,   702.555
 706.868,   711.941,   712.982,   696.416,   703.548
 707.861,   712.934,   713.975,   697.409,   704.541
 708.854,   713.927,   714.968,   698.402,   705.534
 709.847,   714.920,   715.960,   699.395,   706.527
 710.839,   715.913,   716.953,   700.388,   707.520
 711.832,   716.906,   717.946,   701.380,   708.512
 712.825,   717.899,   718.939,   702.373,   709.505
 713.818,   718.891,   719.932,   703.366,   710.498
 714.811,   719.884,   720.925,   704.359,   711.491
 715.804,   720.877,   721.917,   705.352,   712.484
 716.797,   721.870,   722.910,   706.345,   713.477
 717.789,   722.863,   723.903,   707.338,   714.469
 718.782,   723.856,   724.896,   708.330,   715.462
 719.775,   724.848,   725.889,   709.323,   716.455
 720.768,   725.841,   726.882,   710.316,   717.448
 721.761,   726.834,   727.875,   711.309,   718.441
 722.754,   727.827,   728.867,   712.302,   719.434
 723.746,   728.820,   729.860,   713.295,   720.427
 724.739,   729.813,   730.853,   714.287,   721.419
 725.732,   730.806,   731.846,   715.280,   722.412
 726.725,   731.798,   732.839,   716.273,   723.405
 727.718,   732.791,   733.832,   717.266,   724.398
 728.711,   733.784,   734.824,   718.259,   725.391
 729.704,   734.777,   735.817,   719.252,   726.384
 730.696,   735.770,   736.810,   720.245,   727.376
 731.689,   736.763,   737.803,   721.237,   728.369
 732.682,   737.755,   738.796,   722.230,   729.362
 733.675,   738.748,   739.789,   723.223,   730.355
 734.668,   739.741,   740.782,   724.216,   731.348
 735.661,   740.734,   741.774,   725.209,   732.341
 736.653,   741.727,   742.767,   726.202,   733.334
 737.646,   742.720,   743.760,   727.194,   734.326
 738.639,   743.713,   744.753,   728.187,   735.319
 739.632,   744.705,   745.746,   729.180,   736.312
 740.625,   745.698,   746.739,   730.173,   737.305
 741.618,   746.691,   747.731,   731.166,   738.298
 742.611,   747.684,   748.724,   732.159,   739.291
 743.603,   748.677,   749.717,   733.152,   740.283
 744.596,   749.670,   750.710,   734.144,   741.276
 745.589,   750.662,   751.703,   735.137,   742.269
 746.582,   751.655,   752.696,   736.130,   743.262
 747.575,   752.648,   753.689,   737.123,   744.255
 748.568,   753.641,   754.681,   738.116,   745.248
 749.560,   754.634,   755.674,   739.109,   746.241
 750.553,   755.627,   756.667,   740.101,   747.233
 751.546,   756.620,   757.660,   741.094,   748.226
 752.539,   757.612,   758.653,   742.087,   749.219
 753.532,   758.605,   759.646,   743.080,   750.212
 754.525,   759.598,   760.638,   744.073,   751.205
 755.518,   760.591,   761.631,   745.066,   752.198
 756.510,   761.584,   762.624,   746.059,   753.190
 757.503,   762.577,   763.617,   747.051,   754.183
 758.496,   763.569,   764.610,   748.044,   755.176
 759.489,   764.929,   765.603,   749.037,   756.169
 760.482,   765.595,   766.596,   750.030,   757.162
 761.475,   766.804,   767.588,   751.023,   758.155
 762.467,   767.966,   768.581,   752.016,   759.148
 763.460,   768.776,   769.574,   753.008,   760.140
 763.993,   769.708,   770.567,   754.001,   761.133
 765.165,   770.274,   771.560,   754.994,   762.126
 766.472,   771.498,   772.553,   755.987,   763.119
 767.449,   772.289,   773.545,   756.980,   764.112
 768.219,   773.613,   774.538,   757.973,   765.105
 769.334,   774.623,   775.531,   758.966,   766.097
 770.705,   775.442,   776.524,   759.958,   767.090
 771.169,   776.264,   777.517,   760.951,   768.083
 772.312,   777.278,   778.510,   761.944,   769.076
 773.063,   778.337,   779.503,   762.937,   770.069
 774.088,   779.004,   780.495,   763.930,   771.062
 775.478,   780.488,   781.488,   764.923,   772.055
 776.109,   781.087,   782.481,   765.915,   773.047
 776.982,   782.324,   783.474,   766.908,   774.040
 778.095,   783.110,   784.467,   767.901,   775.033
 779.158,   784.104,   785.460,   768.894,   776.026
 780.125,   785.041,   786.452,   769.887,   777.019
 781.251,   785.849,   787.445,   770.880,   778.012
 782.059,   786.622,   788.438,   771.872,   779.004
 783.122,   788.056,   789.431,   772.865,   779.997
 784.143,   789.080,   790.424,   773.858,   780.990
 785.101,   790.079,   791.417,   774.851,   781.983
 785.786,   790.851,   792.409,   775.844,   782.976
 787.241,   791.570,   793.402,   776.837,   783.969
 787.757,   792.793,   794.395,   777.830,   784.962
 789.214,   793.862,   795.388,   778.822,   785.954
 789.995,   794.663,   796.381,   779.815,   786.947
 790.926,   795.638,   797.374,   780.808,   787.940
 792.049,   796.727,   798.367,   781.801,   788.933
 792.943,   797.671,   799.359,   782.794,   789.926
 794.154,   798.544,   800.352,   783.787,   790.919
 795.121,   799.183,   801.345,   784.779,   791.911
 795.897,   800.341,   802.338,   785.772,   792.904
 796.840,   801.561,   803.331,   786.765,   793.897
 797.969,   802.310,   804.324,   787.758,   794.890
 798.840,   803.305,   805.316,   788.751,   795.883
 800.137,   804.159,   806.309,   789.744,   796.876
 800.808,   805.183,   807.302,   790.737,   797.869
 802.104,   806.141,   808.295,   791.729,   798.861
 802.927,   807.242,   809.288,   792.722,   799.854
 803.931,   808.194,   810.281,   793.715,   800.847
 805.140,   809.458,   811.273,   794.708,   801.840
 806.059,   810.227,   812.266,   795.701,   802.833
 807.099,   811.239,   813.259,   796.694,   803.826
 807.662,   811.935,   814.252,   797.686,   804.818
 808.750,   813.441,   815.245,   798.679,   805.811
 810.226,   814.333,   816.238,   799.672,   806.804
 811.147,   814.928,   817.231,   800.665,   807.797
 812.091,   816.231,   818.223,   801.658,   808.790
 812.852,   817.210,   819.216,   802.651,   809.783
 813.602,   818.053,   820.209,   803.643,   810.776
 814.860,   818.906,   821.202,   804.636,   811.768
 815.663,   819.708,   822.195,   805.629,   812.761
 816.687,   820.994,   823.188,   806.622,   813.754
 817.818,   822.098,   824.180,   807.615,   814.747
 818.688,   823.173,   825.173,   808.608,   815.740
 819.789,   824.109,   826.166,   809.601,   816.733
 820.569,   824.699,   827.159,   810.593,   817.725
 821.700,   825.907,   828.152,   811.586,   818.718
 822.670,   827.084,   829.145,   812.579,   819.711
 823.749,   828.077,   830.138,   813.572,   820.704
 824.346,   828.880,   831.130,   814.565,   821.697
 825.572,   829.901,   832.123,   815.558,   822.690
 826.617,   830.764,   833.116,   816.550,   823.682
 827.456,   831.798,   834.109,   817.543,   824.675
 828.362,   832.791,   835.102,   818.536,   825.668
 829.269,   833.736,   836.095,   819.529,   826.661
 830.382,   834.418,   837.087,   820.522,   827.654
 831.255,   835.754,   838.080,   821.515,   828.647
 832.034,   836.710,   839.116,   822.508,   829.640
 833.076,   837.516,   840.020,   823.500,   830.632
 834.247,   838.517,   840.572,   824.493,   831.625
 835.355,   839.689,   841.668,   825.486,   832.618
 836.233,   840.634,   842.498,   826.479,   833.611
 837.062,   841.666,   843.725,   827.472,   834.604
 838.194,   842.261,   844.768,   828.465,   835.597
 839.325,   843.543,   845.771,   829.457,   836.589
 840.468,   844.389,   846.958,   830.450,   837.582
 841.031,   845.772,   847.707,   831.443,   838.575
 842.027,   846.636,   848.250,   832.436,   839.568
 843.405,   847.515,   849.381,   833.429,   840.561
 844.037,   848.751,   850.575,   834.422,   841.554
 844.971,   849.578,   851.729,   835.414,   842.547
 846.242,   851.036,   852.876,   836.407,   843.539
 847.303,   851.706,   853.666,   837.400,   844.532
 848.051,   852.710,   854.463,   838.393,   845.525
 848.945,   853.716,   855.543,   839.386,   846.518
 849.891,   854.531,   856.552,   840.379,   847.511
 851.098,   855.432,   857.641,   841.372,   848.504
 851.964,   856.545,   858.394,   842.364,   849.496
 853.208,   857.528,   859.223,   843.357,   850.489
 853.973,   858.612,   860.535,   844.350,   851.482
 855.128,   859.515,   861.771,   845.343,   852.475
 856.184,   860.531,   862.318,   846.336,   853.468
 857.161,   861.530,   863.480,   847.329,   854.461
 858.361,   862.423,   864.100,   848.321,   855.453
 859.029,   863.509,   865.167,   849.314,   856.446
 860.393,   864.626,   866.722,   850.307,   857.439
 860.958,   865.514,   867.194,   851.300,   858.432
 862.070,   866.208,   867.951,   852.293,   859.425
 863.060,   867.379,   869.058,   853.286,   860.418
 863.815,   868.283,   870.209,   854.279,   861.411
 865.044,   869.369,   871.117,   855.271,   862.403
 865.977,   870.171,   872.170,   856.264,   863.396
 867.021,   871.243,   872.936,   857.257,   864.389
 867.842,   872.121,   874.039,   858.250,   865.382
 868.807,   872.984,   875.242,   859.243,   866.375
 869.973,   874.203,   875.977,   860.236,   867.368
 871.184,   874.863,   877.462,   861.228,   868.360
 871.730,   876.075,   878.021,   862.221,   869.353
 872.749,   876.839,   878.661,   863.214,   870.346
 874.141,   878.201,   880.094,   863.895,   871.339
 874.877,   879.106,   880.871,   865.156,   872.332
 875.810,   880.111,   881.658,   866.132,   873.325
 876.880,   880.997,   883.088,   867.135,   874.318
 877.749,   881.848,   883.723,   868.260,   875.310
 878.771,   882.944,   884.960,   869.329,   876.303
 879.867,   884.063,   885.803,   870.196,   877.296
 880.610,   885.084,   886.980,   871.233,   878.400
 881.699,   885.914,   887.352,   872.426,   879.215
 882.847,   886.857,   888.708,   873.287,   880.519
 883.769,   887.834,   889.871,   874.404,   881.408
 884.699,   888.862,   890.710,   875.270,   882.510
 885.759,   889.538,   891.668,   876.411,   883.681
 887.037,   890.904,   892.805,   877.485,   884.417
 887.585,   891.866,   893.701,   878.283,   885.494
 888.706,   892.861,   894.708,   879.525,   886.496
 889.644,   893.898,   895.582,   880.324,   887.627
 890.754,   894.731,   896.454,   881.834,   888.690
 891.620,   895.857,   897.597,   882.612,   889.236
 892.669,   897.241,   898.828,   883.852,   890.543
 893.545,   897.839,   899.635,   884.753,   891.170
 894.972,   898.844,   900.982,   885.574,   892.338
 895.669,   899.953,   901.715,   886.745,   893.069
 896.411,   900.872,   902.605,   887.897,   894.491
 897.678,   901.775,   903.428,   888.858,   895.360
 898.547,   902.708,   904.229,   889.833,   895.962
 899.584,   903.826,   905.940,   890.873,   897.197
 900.183,   904.809,   906.503,   891.819,   897.935
 901.349,   905.605,   907.608,   892.890,   898.855
 902.867,   906.744,   908.343,   893.844,   899.863
 903.176,   907.634,   909.371,   894.928,   901.091
 904.127,   908.579,   910.023,   895.818,   902.184
 905.468,   909.578,   911.640,   896.839,   903.029
 906.522,   910.658,   912.519,   898.064,   903.996
 907.613,   911.241,   913.046,   899.321,   905.083
 908.532,   912.502,   913.971,   900.204,   906.046
 909.592,   913.176,   915.150,   901.296,   906.664
 910.572,   914.551,   916.238,   901.894,   907.691
 911.698,   915.315,   917.195,   902.925,   909.073
 911.972,   916.184,   918.172,   904.079,   910.184
 913.160,   917.397,   919.311,   905.120,   910.834
 914.412,   918.282,   920.145,   906.110,   911.818
 915.183,   919.149,   921.041,   907.093,   913.036
 916.556,   920.422,   921.979,   908.048,   914.112
 917.273,   921.282,   922.566,   909.046,   914.996
 918.259,   922.237,   923.804,   909.997,   915.936
 919.016,   923.212,   925.105,   910.960,   916.795
 920.214,   924.095,   926.126,   911.842,   917.848
 921.029,   925.039,   926.979,   912.785,   918.818
 921.718,   926.127,   927.777,   913.865,   919.749
 922.810,   927.114,   928.833,   915.395,   921.082
 923.827,   927.914,   929.810,   916.234,   921.898
 925.169,   929.324,   930.506,   917.369,   922.776
 925.930,   929.753,   931.498,   918.267,   923.871
 926.806,   930.957,   932.801,   919.166,   924.938
 927.906,   932.086,   933.699,   920.402,   926.100
 928.991,   932.875,   934.546,   921.125,   926.807
 929.915,   933.966,   935.415,   922.203,   927.989
 930.888,   935.009,   936.466,   922.992,   928.646
 931.998,   935.785,   937.480,   924.308,   929.867
 932.869,   936.875,   938.599,   925.188,   930.747
 934.152,   937.858,   939.793,   926.458,   931.542
 934.829,   939.102,   940.467,   927.416,   932.947
 936.088,   939.737,   941.560,   928.220,   933.646
 936.739,   941.025,   942.175,   929.152,   934.580
 938.002,   941.659,   943.145,   930.201,   935.690
 938.793,   942.801,   944.396,   931.178,   936.404
 940.108,   943.569,   945.884,   932.431,   937.381
 941.132,   944.723,   946.251,   933.406,   938.318
 941.922,   945.618,   947.671,   934.379,   939.384
 943.154,   946.559,   948.134,   935.342,   940.506
 944.093,   947.692,   949.155,   936.447,   941.535
 944.789,   948.615,   950.505,   937.342,   942.331
 946.305,   949.883,   951.568,   938.178,   943.183
 947.309,   950.821,   951.996,   939.727,   944.453
 948.498,   951.698,   953.306,   940.690,   945.623
 949.369,   952.586,   954.042,   941.545,   946.394
 950.179,   953.615,   955.268,   942.350,   947.315
 950.949,   954.378,   956.127,   943.282,   948.431
 951.981,   955.530,   957.122,   944.335,   949.438
 953.483,   956.735,   958.154,   945.426,   950.672
 954.293,   957.612,   959.651,   946.556,   951.707
 955.230,   958.311,   960.577,   947.703,   952.527
 956.258,   959.523,   961.536,   948.535,   953.366
 957.502,   960.551,   962.299,   949.554,   954.398
 957.934,   961.313,   963.546,   950.629,   955.208
 959.158,   962.480,   964.430,   951.577,   956.468
 960.162,   963.367,   965.221,   952.526,   957.615
 961.477,   964.488,   966.137,   953.579,   958.689
 962.445,   965.557,   967.255,   954.717,   959.537
 963.186,   966.266,   968.084,   955.718,   960.526
 964.298,   967.333,   969.324,   956.593,   961.322
 965.408,   968.167,   970.198,   957.651,   962.497
 966.058,   969.294,   971.490,   958.790,   963.578
 967.121,   970.405,   972.145,   959.523,   964.449
 968.357,   971.485,   973.259,   960.899,   965.102
 969.358,   972.201,   974.232,   961.795,   966.391
 970.391,   973.004,   975.363,   962.687,   967.526
 971.243,   974.185,   976.141,   963.769,   968.412
 972.077,   975.184,   977.074,   965.056,   969.366
 973.146,   976.110,   977.939,   965.813,   970.471
 974.522,   977.043,   979.066,   966.901,   971.822
 975.074,   978.226,   980.060,   968.038,   972.478
 976.331,   979.113,   981.188,   969.106,   973.610
 977.311,   980.164,   981.945,   969.787,   974.603
 978.036,   980.967,   983.125,   970.841,   975.512
 979.041,   982.050,   984.013,   971.577,   976.736
 980.393,   983.288,   984.905,   972.750,   977.392
 980.938,   983.908,   985.722,   973.815,   978.376
 982.057,   984.880,   987.204,   974.958,   979.447
 983.138,   985.816,   987.960,   975.872,   980.552
 983.828,   986.849,   988.945,   976.980,   981.565
 985.123,   988.052,   989.806,   978.050,   982.382
 986.155,   988.879,   990.846,   978.741,   983.122
 987.070,   990.089,   992.076,   979.986,   984.153
 988.173,   990.824,   992.830,   980.939,   985.844
 989.063,   991.682,   993.789,   981.956,   986.560
 990.035,   992.865,   994.823,   982.781,   987.692
 991.017,   993.896,   995.795,   984.078,   988.411
 992.028,   994.828,   996.901,   984.923,   989.451
 993.256,   996.112,   997.471,   985.866,   990.523
 993.872,   996.877,   998.490,   986.716,   991.494
 994.885,   997.992,   999.653,   987.652,   992.712
 996.080,   999.040,  1000.660,   989.045,   993.577
 997.450,  1000.060,  1001.740,   990.078,   994.513
 998.251,  1000.670,  1002.660,   991.185,   995.629
 999.269,  1002.120,  1003.870,   992.167,   996.690
1000.270,  1002.790,  1004.550,   993.245,   997.740
1001.220,  1003.830,  1005.440,   994.202,   998.633
1002.020,  1004.870,  1006.780,   995.500,   999.687
1003.120,  1005.710,  1007.770,   996.513,  1000.550
1004.010,  1006.780,  1008.500,   997.523,  1001.350
1005.090,  1007.740,  1009.740,   998.472,  1002.570
1006.060,  1008.700,  1010.250,   999.014,  1003.660
1007.130,  1009.660,  1011.470,  1000.710,  1004.760
1007.720,  1010.750,  1012.670,  1001.410,  1005.410
1008.720,  1011.660,  1013.480,  1002.550,  1006.750
1009.960,  1012.830,  1014.480,  1003.300,  1007.500
1011.080,  1013.510,  1015.270,  1004.390,  1008.750
1011.990,  1014.660,  1016.510,  1005.400,  1009.800
1013.040,  1015.650,  1017.560,  1006.360,  1010.680
1014.120,  1016.640,  1018.670,  1007.230,  1011.400
1014.920,  1017.640,  1019.850,  1008.260,  1012.630
1016.090,  1018.630,  1020.160,  1009.120,  1013.610
1016.720,  1019.620,  1021.400,  1010.290,  1014.790
