0.32GHz simulated timing data
 Module1    Module2    Module3    Module4    Module5
   0.000,     0.000,     0.000,     0.000,     0.000
   3.125,     3.125,     3.125,     3.125,     3.125
   6.250,     6.250,     6.250,     6.250,     6.250
   9.375,     9.375,     9.375,     9.375,     9.375
  12.500,    12.500,    12.500,    12.500,    12.500
  15.625,    15.625,    15.625,    15.625,    15.625
  18.750,    18.750,    18.750,    18.750,    18.750
  21.875,    21.875,    21.875,    21.875,    21.875
  25.000,    25.000,    25.000,    25.000,    25.000
  28.125,    28.125,    28.125,    28.125,    28.125
  31.250,    31.250,    31.250,    31.250,    31.250
  34.375,    34.375,    34.375,    34.375,    34.375
  37.500,    37.500,    37.500,    37.500,    37.500
  40.625,    40.625,    40.625,    40.625,    40.625
  43.750,    43.750,    43.750,    43.750,    43.750
  46.875,    46.875,    46.875,    46.875,    46.875
  50.000,    50.000,    50.000,    50.000,    50.000
  53.125,    53.125,    53.125,    53.125,    53.125
  56.250,    56.250,    56.250,    56.250,    56.250
  59.375,    59.375,    59.375,    59.375,    59.375
  62.500,    62.500,    62.500,    62.500,    62.500
  65.625,    65.625,    65.625,    65.625,    65.625
  68.750,    68.750,    68.750,    68.750,    68.750
  71.875,    71.875,    71.875,    71.875,    71.875
  75.000,    75.000,    75.000,    75.000,    75.000
  78.125,    78.125,    78.125,    78.125,    78.125
  81.250,    81.250,    81.250,    81.250,    81.250
  84.375,    84.375,    84.375,    84.375,    84.375
  87.500,    87.500,    87.500,    87.500,    87.500
  90.625,    90.625,    90.625,    90.625,    90.625
  93.750,    93.750,    93.750,    93.750,    93.750
  96.875,    96.875,    96.875,    96.875,    96.875
 100.000,   100.000,   100.000,   100.000,   100.000
 103.125,   103.125,   103.125,   103.125,   103.125
 106.250,   106.250,   106.250,   106.250,   106.250
 109.375,   109.375,   109.375,   109.375,   109.375
 112.500,   112.500,   112.500,   112.500,   112.500
 115.625,   115.625,   115.625,   115.625,   115.625
 118.750,   118.750,   118.750,   118.750,   118.750
 121.875,   121.875,   121.875,   121.875,   121.875
 125.000,   125.000,   125.000,   125.000,   125.000
 128.125,   128.125,   128.125,   128.125,   128.125
 131.250,   131.250,   131.250,   131.250,   131.250
 134.375,   134.375,   134.375,   134.375,   134.375
 137.500,   137.500,   137.500,   137.500,   137.500
 140.625,   140.625,   140.625,   140.625,   140.625
 143.750,   143.750,   143.750,   143.750,   143.750
 146.875,   146.875,   146.875,   146.875,   146.875
 150.000,   150.000,   150.000,   150.000,   150.000
 153.125,   153.125,   153.125,   153.125,   153.125
 156.250,   156.250,   156.250,   156.250,   156.250
 159.375,   159.375,   159.375,   159.375,   159.375
 162.500,   162.500,   162.500,   162.500,   162.500
 165.625,   165.625,   165.625,   165.625,   165.625
 168.750,   168.750,   168.750,   168.750,   168.750
 171.875,   171.875,   171.875,   171.875,   171.875
 175.000,   175.000,   175.000,   175.000,   175.000
 178.125,   178.125,   178.125,   178.125,   178.125
 181.250,   181.250,   181.250,   181.250,   181.250
 184.375,   184.375,   184.375,   184.375,   184.375
 187.500,   187.500,   187.500,   187.500,   187.500
 190.625,   190.625,   190.625,   190.625,   190.625
 193.750,   193.750,   193.750,   193.750,   193.750
 196.875,   196.875,   196.875,   196.875,   196.875
 200.000,   200.000,   200.000,   200.000,   200.000
 203.125,   203.125,   203.125,   203.125,   203.125
 206.250,   206.250,   206.250,   206.250,   206.250
 209.375,   209.375,   209.375,   209.375,   209.375
 212.500,   212.500,   212.500,   212.500,   212.500
 215.625,   215.625,   215.625,   215.625,   215.625
 218.750,   218.750,   218.750,   218.750,   218.750
 221.875,   221.875,   221.875,   221.875,   221.875
 225.000,   225.000,   225.000,   225.000,   225.000
 228.125,   228.125,   228.125,   228.125,   228.125
 231.250,   231.250,   231.250,   231.250,   231.250
 234.375,   234.375,   234.375,   234.375,   234.375
 237.500,   237.500,   237.500,   237.500,   237.500
 240.625,   240.625,   240.625,   240.625,   240.625
 243.750,   243.750,   243.750,   243.750,   243.750
 246.875,   246.875,   246.875,   246.875,   246.875
 250.000,   250.000,   250.000,   250.000,   250.000
 253.125,   253.125,   253.125,   253.125,   253.125
 256.250,   256.250,   256.250,   256.250,   256.250
 259.375,   259.375,   259.375,   259.375,   259.375
 262.500,   262.500,   262.500,   262.500,   262.500
 265.625,   265.625,   265.625,   265.625,   265.625
 268.750,   268.750,   268.750,   268.750,   268.750
 271.875,   271.875,   271.875,   271.875,   271.875
 275.000,   275.000,   275.000,   275.000,   275.000
 278.125,   278.125,   278.125,   278.125,   278.125
 281.250,   281.250,   281.250,   281.250,   281.250
 284.375,   284.375,   284.375,   284.375,   284.375
 287.500,   287.500,   287.500,   287.500,   287.500
 290.625,   290.625,   290.625,   290.625,   290.625
 293.750,   293.750,   293.750,   293.750,   293.750
 296.875,   296.875,   296.875,   296.875,   296.875
 300.000,   300.000,   300.000,   300.000,   300.000
 303.125,   303.125,   303.125,   303.125,   303.125
 306.250,   306.250,   306.250,   306.250,   306.250
 309.375,   309.375,   309.375,   309.375,   309.375
 312.500,   312.500,   312.500,   312.500,   312.500
 315.625,   315.625,   315.625,   315.625,   315.625
 318.750,   318.750,   318.750,   318.750,   318.750
 321.875,   321.875,   321.875,   321.875,   321.875
 325.000,   325.000,   325.000,   325.000,   325.000
 328.125,   328.125,   328.125,   328.125,   328.125
 331.250,   331.250,   331.250,   331.250,   331.250
 334.375,   334.375,   334.375,   334.375,   334.375
 337.500,   337.500,   337.500,   337.500,   337.500
 340.625,   340.625,   340.625,   340.625,   340.625
 343.750,   343.750,   343.750,   343.750,   343.750
 346.875,   346.875,   346.875,   346.875,   346.875
 350.000,   350.000,   350.000,   350.000,   350.000
 353.125,   353.125,   353.125,   353.125,   353.125
 356.250,   356.250,   356.250,   356.250,   356.250
 359.375,   359.375,   359.375,   359.375,   359.375
 362.500,   362.500,   362.500,   362.500,   362.500
 365.625,   365.625,   365.625,   365.625,   365.625
 368.750,   368.750,   368.750,   368.750,   368.750
 371.875,   371.875,   371.875,   371.875,   371.875
 375.000,   375.000,   375.000,   375.000,   375.000
 378.125,   378.125,   378.125,   378.125,   378.125
 381.250,   381.250,   381.250,   381.250,   381.250
 384.375,   384.375,   384.375,   384.375,   384.375
 387.500,   387.500,   387.500,   387.500,   387.500
 390.625,   390.625,   390.625,   390.625,   390.625
 393.750,   393.750,   393.750,   393.750,   393.750
 396.875,   396.875,   396.875,   396.875,   396.875
 400.000,   400.000,   400.000,   400.000,   400.000
 403.125,   403.125,   403.125,   403.125,   403.125
 406.250,   406.250,   406.250,   406.250,   406.250
 409.375,   409.375,   409.375,   409.375,   409.375
 412.500,   412.500,   412.500,   412.500,   412.500
 415.625,   415.625,   415.625,   415.625,   415.625
 418.750,   418.750,   418.750,   418.750,   418.750
 421.875,   421.875,   421.875,   421.875,   421.875
 425.000,   425.000,   425.000,   425.000,   425.000
 428.125,   428.125,   428.125,   428.125,   428.125
 431.250,   431.250,   431.250,   431.250,   431.250
 434.375,   434.375,   434.375,   434.375,   434.375
 437.500,   437.500,   437.500,   437.500,   437.500
 440.625,   440.625,   440.625,   440.625,   440.625
 443.750,   443.750,   443.750,   443.750,   443.750
 446.875,   446.875,   446.875,   446.875,   446.875
 450.000,   450.000,   450.000,   450.000,   450.000
 453.125,   453.125,   453.125,   453.125,   453.125
 456.250,   456.250,   456.250,   456.250,   456.250
 459.375,   459.375,   459.375,   459.375,   459.375
 462.500,   462.500,   462.500,   462.500,   462.500
 465.625,   465.625,   465.625,   465.625,   465.625
 468.750,   468.750,   468.750,   468.750,   468.750
 471.875,   471.875,   471.875,   471.875,   471.875
 475.000,   475.000,   475.000,   475.000,   475.000
 478.125,   478.125,   478.125,   478.125,   478.125
 481.250,   481.250,   481.250,   481.250,   481.250
 484.375,   484.375,   484.375,   484.375,   484.375
 487.500,   487.500,   487.500,   487.500,   487.500
 490.625,   490.625,   490.625,   490.625,   490.625
 493.750,   493.750,   493.750,   493.750,   493.750
 496.875,   496.875,   496.875,   496.875,   496.875
 500.000,   500.000,   500.000,   500.000,   500.000
 503.125,   503.125,   503.125,   503.125,   503.125
 506.250,   506.250,   506.250,   506.250,   506.250
 509.375,   509.375,   509.375,   509.375,   509.375
 512.500,   512.500,   512.500,   512.500,   512.500
 515.625,   515.625,   515.625,   515.625,   515.625
 518.750,   518.750,   518.750,   518.750,   518.750
 521.875,   521.875,   521.875,   521.875,   521.875
 525.000,   525.000,   525.000,   525.000,   525.000
 528.125,   528.125,   528.125,   528.125,   528.125
 531.250,   531.250,   531.250,   531.250,   531.250
 534.375,   534.375,   534.375,   534.375,   534.375
 537.500,   537.500,   537.500,   537.500,   537.500
 540.625,   540.625,   540.625,   540.625,   540.625
 543.750,   543.750,   543.750,   543.750,   543.750
 546.875,   546.875,   546.875,   546.875,   546.875
 550.000,   550.000,   550.000,   550.000,   550.000
 553.125,   553.125,   553.125,   553.125,   553.125
 556.250,   556.250,   556.250,   556.250,   556.250
 559.375,   559.375,   559.375,   559.375,   559.375
 562.500,   562.500,   562.500,   562.500,   562.500
 565.625,   565.625,   565.625,   565.625,   565.625
 568.750,   568.750,   568.750,   568.750,   568.750
 571.875,   571.875,   571.875,   571.875,   571.875
 575.000,   575.000,   575.000,   575.000,   575.000
 578.125,   578.125,   578.125,   578.125,   578.125
 581.250,   581.250,   581.250,   581.250,   581.250
 584.375,   584.375,   584.375,   584.375,   584.375
 587.500,   587.500,   587.500,   587.500,   587.500
 590.625,   590.625,   590.625,   590.625,   590.625
 593.750,   593.750,   593.750,   593.750,   593.750
 596.875,   596.875,   596.875,   596.875,   596.875
 600.000,   600.000,   600.000,   600.000,   600.000
 603.125,   603.125,   603.125,   603.125,   603.125
 606.250,   606.250,   606.250,   606.250,   606.250
 609.375,   609.375,   609.375,   609.375,   609.375
 612.500,   612.500,   612.500,   612.500,   612.500
 615.625,   615.625,   615.625,   615.625,   615.625
 618.750,   618.750,   618.750,   618.750,   618.750
 621.875,   621.875,   621.875,   621.875,   621.875
 625.000,   625.000,   625.000,   625.000,   625.000
 628.125,   628.125,   628.125,   628.125,   628.125
 631.250,   631.250,   631.250,   631.250,   631.250
 634.375,   634.375,   634.375,   634.375,   634.375
 637.500,   637.500,   637.500,   637.500,   637.500
 640.625,   640.625,   640.625,   640.625,   640.625
 643.750,   643.750,   643.750,   643.750,   643.750
 646.875,   646.875,   646.875,   646.875,   646.875
 650.000,   650.000,   650.000,   650.000,   650.000
 653.125,   653.125,   653.125,   653.125,   653.125
 656.250,   656.250,   656.250,   656.250,   656.250
 659.375,   659.375,   659.375,   659.375,   659.375
 662.500,   662.500,   662.500,   662.500,   662.500
 665.625,   665.625,   665.625,   665.625,   665.625
 668.750,   668.750,   668.750,   668.750,   668.750
 671.875,   671.875,   671.875,   671.875,   671.875
 675.000,   675.000,   675.000,   675.000,   675.000
 678.125,   678.125,   678.125,   678.125,   678.125
 681.250,   681.250,   681.250,   681.250,   681.250
 684.375,   684.375,   684.375,   684.375,   684.375
 687.500,   687.500,   687.500,   687.500,   687.500
 690.625,   690.625,   690.625,   690.625,   690.625
 693.750,   693.750,   693.750,   693.750,   693.750
 696.875,   696.875,   696.875,   696.875,   696.875
 700.000,   700.000,   700.000,   700.000,   700.000
 703.125,   703.125,   703.125,   703.125,   703.125
 706.250,   706.250,   706.250,   706.250,   706.250
 709.375,   709.375,   709.375,   709.375,   709.375
 712.500,   712.500,   712.500,   712.500,   712.500
 715.625,   715.625,   715.625,   715.625,   715.625
 718.750,   718.750,   718.750,   718.750,   718.750
 721.875,   721.875,   721.875,   721.875,   721.875
 725.000,   725.000,   725.000,   725.000,   725.000
 728.125,   728.125,   728.125,   728.125,   728.125
 731.250,   731.250,   731.250,   731.250,   731.250
 734.375,   734.375,   734.375,   734.375,   734.375
 737.500,   737.500,   737.500,   737.500,   737.500
 740.625,   740.625,   740.625,   740.625,   740.625
 743.750,   743.750,   743.750,   743.750,   743.750
 746.875,   746.875,   746.875,   746.875,   746.875
 750.000,   750.000,   750.000,   750.000,   750.000
 753.125,   753.125,   753.125,   753.125,   753.125
 756.250,   756.250,   756.250,   756.250,   756.250
 759.375,   759.375,   759.375,   759.375,   759.375
 762.500,   762.500,   762.500,   762.500,   762.500
 765.625,   765.625,   765.625,   765.625,   765.625
 768.750,   768.750,   768.750,   768.750,   768.750
 771.875,   771.875,   771.875,   771.875,   771.875
 775.000,   775.000,   775.000,   775.000,   775.000
 778.125,   778.125,   778.125,   778.125,   778.125
 781.250,   781.250,   781.250,   781.250,   781.250
 784.375,   784.375,   784.375,   784.375,   784.375
 787.500,   787.500,   787.500,   787.500,   787.500
 790.625,   790.625,   790.625,   790.625,   790.625
 793.750,   793.750,   793.750,   793.750,   793.750
 796.875,   796.875,   796.875,   796.875,   796.875
 800.000,   800.000,   800.000,   800.000,   800.000
 803.125,   803.125,   803.125,   803.125,   803.125
 806.250,   806.250,   806.250,   806.250,   806.250
 809.375,   809.375,   809.375,   809.375,   809.375
 812.500,   812.500,   812.500,   812.500,   812.500
 815.625,   815.625,   815.625,   815.625,   815.625
 818.750,   818.750,   818.750,   818.750,   818.750
 821.875,   821.875,   821.875,   821.875,   821.875
 825.000,   825.000,   825.000,   825.000,   825.000
 828.125,   828.125,   828.125,   828.125,   828.125
 831.250,   831.250,   831.250,   831.250,   831.250
 834.375,   834.375,   834.375,   834.375,   834.375
 837.500,   837.500,   837.500,   837.500,   837.500
 840.625,   840.625,   840.625,   840.625,   840.625
 843.750,   843.750,   843.750,   843.750,   843.750
 846.875,   846.875,   846.875,   846.875,   846.875
 850.000,   850.000,   850.000,   850.000,   850.000
 853.125,   853.125,   853.125,   853.125,   853.125
 856.250,   856.250,   856.250,   856.250,   856.250
 859.375,   859.375,   859.375,   859.375,   859.375
 862.500,   862.500,   862.500,   862.500,   862.500
 865.625,   865.625,   865.625,   865.625,   865.625
 868.750,   868.750,   868.750,   868.750,   868.750
 871.875,   871.875,   871.875,   871.875,   871.875
 875.000,   875.000,   875.000,   875.000,   875.000
 878.125,   878.125,   878.125,   878.125,   878.125
 881.250,   881.250,   881.250,   881.250,   881.250
 884.375,   884.375,   884.375,   884.375,   884.375
 887.500,   887.500,   887.500,   887.500,   887.500
 890.625,   890.625,   890.625,   890.625,   890.625
 893.750,   893.750,   893.750,   893.750,   893.750
 896.875,   896.875,   896.875,   896.875,   896.875
 900.000,   900.000,   900.000,   900.000,   900.000
 903.125,   903.125,   903.125,   903.125,   903.125
 906.250,   906.250,   906.250,   906.250,   906.250
 909.375,   909.375,   909.375,   909.375,   909.375
 912.500,   912.500,   912.500,   912.500,   912.500
 915.625,   915.625,   915.625,   915.625,   915.625
 918.750,   918.750,   918.750,   918.750,   918.750
 921.875,   921.875,   921.875,   921.875,   921.875
 925.000,   925.000,   925.000,   925.000,   925.000
 928.125,   928.125,   928.125,   928.125,   928.125
 931.250,   931.250,   931.250,   931.250,   931.250
 934.375,   934.375,   934.375,   934.375,   934.375
 937.500,   937.500,   937.500,   937.500,   937.500
 940.625,   940.625,   940.625,   940.625,   940.625
 943.750,   943.750,   943.750,   943.750,   943.750
 946.875,   946.875,   946.875,   946.875,   946.875
 950.000,   950.000,   950.000,   950.000,   950.000
 953.125,   953.125,   953.125,   953.125,   953.125
 956.250,   956.250,   956.250,   956.250,   956.250
 959.375,   959.375,   959.375,   959.375,   959.375
 962.500,   962.500,   962.500,   962.500,   962.500
 965.625,   965.625,   965.625,   965.625,   965.625
 968.750,   968.750,   968.750,   968.750,   968.750
 971.875,   971.875,   971.875,   971.875,   971.875
 975.000,   975.000,   975.000,   975.000,   975.000
 978.125,   978.125,   978.125,   978.125,   978.125
 981.250,   981.250,   981.250,   981.250,   981.250
 984.375,   984.375,   984.375,   984.375,   984.375
 987.500,   987.500,   987.500,   987.500,   987.500
 990.625,   990.625,   990.625,   990.625,   990.625
 993.750,   993.750,   993.750,   993.750,   993.750
 996.875,   996.875,   996.875,   996.875,   996.875
1000.000,  1000.000,  1000.000,  1000.000,  1000.000
1003.125,  1003.125,  1003.125,  1003.125,  1003.125
1006.250,  1006.250,  1006.250,  1006.250,  1006.250
1009.375,  1009.375,  1009.375,  1009.375,  1009.375
1012.500,  1012.500,  1012.500,  1012.500,  1012.500
1015.625,  1015.625,  1015.625,  1015.625,  1015.625
1018.750,  1018.750,  1018.750,  1018.750,  1018.750
1021.875,  1021.875,  1021.875,  1021.875,  1021.875
1025.000,  1025.000,  1025.000,  1025.000,  1025.000
1028.125,  1028.125,  1028.125,  1028.125,  1028.125
1031.250,  1031.250,  1031.250,  1031.250,  1031.250
1034.375,  1034.375,  1034.375,  1034.375,  1034.375
1037.500,  1037.500,  1037.500,  1037.500,  1037.500
1040.625,  1040.625,  1040.625,  1040.625,  1040.625
1043.750,  1043.750,  1043.750,  1043.750,  1043.750
1046.875,  1046.875,  1046.875,  1046.875,  1046.875
1050.000,  1050.000,  1050.000,  1050.000,  1050.000
1053.125,  1053.125,  1053.125,  1053.125,  1053.125
1056.250,  1056.250,  1056.250,  1056.250,  1056.250
1059.375,  1059.375,  1059.375,  1059.375,  1059.375
1062.500,  1062.500,  1062.500,  1062.500,  1062.500
1065.625,  1065.625,  1065.625,  1065.625,  1065.625
1068.750,  1068.750,  1068.750,  1068.750,  1068.750
1071.875,  1071.875,  1071.875,  1071.875,  1071.875
1075.000,  1075.000,  1075.000,  1075.000,  1075.000
1078.125,  1078.125,  1078.125,  1078.125,  1078.125
1081.250,  1081.250,  1081.250,  1081.250,  1081.250
1084.375,  1084.375,  1084.375,  1084.375,  1084.375
1087.500,  1087.500,  1087.500,  1087.500,  1087.500
1090.625,  1090.625,  1090.625,  1090.625,  1090.625
1093.750,  1093.750,  1093.750,  1093.750,  1093.750
1096.875,  1096.875,  1096.875,  1096.875,  1096.875
1100.000,  1100.000,  1100.000,  1100.000,  1100.000
1103.125,  1103.125,  1103.125,  1103.125,  1103.125
1106.250,  1106.250,  1106.250,  1106.250,  1106.250
1109.375,  1109.375,  1109.375,  1109.375,  1109.375
1112.500,  1112.500,  1112.500,  1112.500,  1112.500
1115.625,  1115.625,  1115.625,  1115.625,  1115.625
1118.750,  1118.750,  1118.750,  1118.750,  1118.750
1121.875,  1121.875,  1121.875,  1121.875,  1121.875
1125.000,  1125.000,  1125.000,  1125.000,  1125.000
1128.125,  1128.125,  1128.125,  1128.125,  1128.125
1131.250,  1131.250,  1131.250,  1131.250,  1131.250
1134.375,  1134.375,  1134.375,  1134.375,  1134.375
1137.500,  1137.500,  1137.500,  1137.500,  1137.500
1140.625,  1140.625,  1140.625,  1140.625,  1140.625
1143.750,  1143.750,  1143.750,  1143.750,  1143.750
1146.875,  1146.875,  1146.875,  1146.875,  1146.875
1150.000,  1150.000,  1150.000,  1150.000,  1150.000
1153.125,  1153.125,  1153.125,  1153.125,  1153.125
1156.250,  1156.250,  1156.250,  1156.250,  1156.250
1159.375,  1159.375,  1159.375,  1159.375,  1159.375
1162.500,  1162.500,  1162.500,  1162.500,  1162.500
1165.625,  1165.625,  1165.625,  1165.625,  1165.625
1168.750,  1168.750,  1168.750,  1168.750,  1168.750
1171.875,  1171.875,  1171.875,  1171.875,  1171.875
1175.000,  1175.000,  1175.000,  1175.000,  1175.000
1178.125,  1178.125,  1178.125,  1178.125,  1178.125
1181.250,  1181.250,  1181.250,  1181.250,  1181.250
1184.375,  1184.375,  1184.375,  1184.375,  1184.375
1187.500,  1187.500,  1187.500,  1187.500,  1187.500
1190.625,  1190.625,  1190.625,  1190.625,  1190.625
1193.750,  1193.750,  1193.750,  1193.750,  1193.750
1196.875,  1196.875,  1196.875,  1196.875,  1196.875
1200.000,  1200.000,  1200.000,  1200.000,  1200.000
1203.125,  1203.125,  1203.125,  1203.125,  1203.125
1206.250,  1206.250,  1206.250,  1206.250,  1206.250
1209.375,  1209.375,  1209.375,  1209.375,  1209.375
1212.500,  1212.500,  1212.500,  1212.500,  1212.500
1215.625,  1215.625,  1215.625,  1215.625,  1215.625
1218.750,  1218.750,  1218.750,  1218.750,  1218.750
1221.875,  1221.875,  1221.875,  1221.875,  1221.875
1225.000,  1225.000,  1225.000,  1225.000,  1225.000
1228.125,  1228.125,  1228.125,  1228.125,  1228.125
1231.250,  1231.250,  1231.250,  1231.250,  1231.250
1234.375,  1234.375,  1234.375,  1234.375,  1234.375
1237.500,  1237.500,  1237.500,  1237.500,  1237.500
1240.625,  1240.625,  1240.625,  1240.625,  1240.625
1243.750,  1243.750,  1243.750,  1243.750,  1243.750
1246.875,  1246.875,  1246.875,  1246.875,  1246.875
1250.000,  1250.000,  1250.000,  1250.000,  1250.000
1253.125,  1253.125,  1253.125,  1253.125,  1253.125
1256.250,  1256.250,  1256.250,  1256.250,  1256.250
1259.375,  1259.375,  1259.375,  1259.375,  1259.375
1262.500,  1262.500,  1262.500,  1262.500,  1262.500
1265.625,  1265.625,  1265.625,  1265.625,  1265.625
1268.750,  1268.750,  1268.750,  1268.750,  1268.750
1271.875,  1271.875,  1271.875,  1271.875,  1271.875
1275.000,  1275.000,  1275.000,  1275.000,  1275.000
1278.125,  1278.125,  1278.125,  1278.125,  1278.125
1281.250,  1281.250,  1281.250,  1281.250,  1281.250
1284.375,  1284.375,  1284.375,  1284.375,  1284.375
1287.500,  1287.500,  1287.500,  1287.500,  1287.500
1290.625,  1290.625,  1290.625,  1290.625,  1290.625
1293.750,  1293.750,  1293.750,  1293.750,  1293.750
1296.875,  1296.875,  1296.875,  1296.875,  1296.875
1300.000,  1300.000,  1300.000,  1300.000,  1300.000
1303.125,  1303.125,  1303.125,  1303.125,  1303.125
1306.250,  1306.250,  1306.250,  1306.250,  1306.250
1309.375,  1309.375,  1309.375,  1309.375,  1309.375
1312.500,  1312.500,  1312.500,  1312.500,  1312.500
1315.625,  1315.625,  1315.625,  1315.625,  1315.625
1318.750,  1318.750,  1318.750,  1318.750,  1318.750
1321.875,  1321.875,  1321.875,  1321.875,  1321.875
1325.000,  1325.000,  1325.000,  1325.000,  1325.000
1328.125,  1328.125,  1328.125,  1328.125,  1328.125
1331.250,  1331.250,  1331.250,  1331.250,  1331.250
1334.375,  1334.375,  1334.375,  1334.375,  1334.375
1337.500,  1337.500,  1337.500,  1337.500,  1337.500
1340.625,  1340.625,  1340.625,  1340.625,  1340.625
1343.750,  1343.750,  1343.750,  1343.750,  1343.750
1346.875,  1346.875,  1346.875,  1346.875,  1346.875
1350.000,  1350.000,  1350.000,  1350.000,  1350.000
1353.125,  1353.125,  1353.125,  1353.125,  1353.125
1356.250,  1356.250,  1356.250,  1356.250,  1356.250
1359.375,  1359.375,  1359.375,  1359.375,  1359.375
1362.500,  1362.500,  1362.500,  1362.500,  1362.500
1365.625,  1365.625,  1365.625,  1365.625,  1365.625
1368.750,  1368.750,  1368.750,  1368.750,  1368.750
1371.875,  1371.875,  1371.875,  1371.875,  1371.875
1375.000,  1375.000,  1375.000,  1375.000,  1375.000
1378.125,  1378.125,  1378.125,  1378.125,  1378.125
1381.250,  1381.250,  1381.250,  1381.250,  1381.250
1384.375,  1384.375,  1384.375,  1384.375,  1384.375
1387.500,  1387.500,  1387.500,  1387.500,  1387.500
1390.625,  1390.625,  1390.625,  1390.625,  1390.625
1393.750,  1393.750,  1393.750,  1393.750,  1393.750
1396.875,  1396.875,  1396.875,  1396.875,  1396.875
1400.000,  1400.000,  1400.000,  1400.000,  1400.000
1403.125,  1403.125,  1403.125,  1403.125,  1403.125
1406.250,  1406.250,  1406.250,  1406.250,  1406.250
1409.375,  1409.375,  1409.375,  1409.375,  1409.375
1412.500,  1412.500,  1412.500,  1412.500,  1412.500
1415.625,  1415.625,  1415.625,  1415.625,  1415.625
1418.750,  1418.750,  1418.750,  1418.750,  1418.750
1421.875,  1421.875,  1421.875,  1421.875,  1421.875
1425.000,  1425.000,  1425.000,  1425.000,  1425.000
1428.125,  1428.125,  1428.125,  1428.125,  1428.125
1431.250,  1431.250,  1431.250,  1431.250,  1431.250
1434.375,  1434.375,  1434.375,  1434.375,  1434.375
1437.500,  1437.500,  1437.500,  1437.500,  1437.500
1440.625,  1440.625,  1440.625,  1440.625,  1440.625
1443.750,  1443.750,  1443.750,  1443.750,  1443.750
1446.875,  1446.875,  1446.875,  1446.875,  1446.875
1450.000,  1450.000,  1450.000,  1450.000,  1450.000
1453.125,  1453.125,  1453.125,  1453.125,  1453.125
1456.250,  1456.250,  1456.250,  1456.250,  1456.250
1459.375,  1459.375,  1459.375,  1459.375,  1459.375
1462.500,  1462.500,  1462.500,  1462.500,  1462.500
1465.625,  1465.625,  1465.625,  1465.625,  1465.625
1468.750,  1468.750,  1468.750,  1468.750,  1468.750
1471.875,  1471.875,  1471.875,  1471.875,  1471.875
1475.000,  1475.000,  1475.000,  1475.000,  1475.000
1478.125,  1478.125,  1478.125,  1478.125,  1478.125
1481.250,  1481.250,  1481.250,  1481.250,  1481.250
1484.375,  1484.375,  1484.375,  1484.375,  1484.375
1487.500,  1487.500,  1487.500,  1487.500,  1487.500
1490.625,  1490.625,  1490.625,  1490.625,  1490.625
1493.750,  1493.750,  1493.750,  1493.750,  1493.750
1496.875,  1496.875,  1496.875,  1496.875,  1496.875
1500.000,  1500.000,  1500.000,  1500.000,  1500.000
1503.125,  1503.125,  1503.125,  1503.125,  1503.125
1506.250,  1506.250,  1506.250,  1506.250,  1506.250
1509.375,  1509.375,  1509.375,  1509.375,  1509.375
1512.500,  1512.500,  1512.500,  1512.500,  1512.500
1515.625,  1515.625,  1515.625,  1515.625,  1515.625
1518.750,  1518.750,  1518.750,  1518.750,  1518.750
1521.875,  1521.875,  1521.875,  1521.875,  1521.875
1525.000,  1525.000,  1525.000,  1525.000,  1525.000
1528.125,  1528.125,  1528.125,  1528.125,  1528.125
1531.250,  1531.250,  1531.250,  1531.250,  1531.250
1534.375,  1534.375,  1534.375,  1534.375,  1534.375
1537.500,  1537.500,  1537.500,  1537.500,  1537.500
1540.625,  1540.625,  1540.625,  1540.625,  1540.625
1543.750,  1543.750,  1543.750,  1543.750,  1543.750
1546.875,  1546.875,  1546.875,  1546.875,  1546.875
1550.000,  1550.000,  1550.000,  1550.000,  1550.000
1553.125,  1553.125,  1553.125,  1553.125,  1553.125
1556.250,  1556.250,  1556.250,  1556.250,  1556.250
1559.375,  1559.375,  1559.375,  1559.375,  1559.375
1562.500,  1562.500,  1562.500,  1562.500,  1562.500
1565.625,  1565.625,  1565.625,  1565.625,  1565.625
1568.750,  1568.750,  1568.750,  1568.750,  1568.750
1571.875,  1571.875,  1571.875,  1571.875,  1571.875
1575.000,  1575.000,  1575.000,  1575.000,  1575.000
1578.125,  1578.125,  1578.125,  1578.125,  1578.125
1581.250,  1581.250,  1581.250,  1581.250,  1581.250
1584.375,  1584.375,  1584.375,  1584.375,  1584.375
1587.500,  1587.500,  1587.500,  1587.500,  1587.500
1590.625,  1590.625,  1590.625,  1590.625,  1590.625
1593.750,  1593.750,  1593.750,  1593.750,  1593.750
1596.875,  1596.875,  1596.875,  1596.875,  1596.875
1600.000,  1600.000,  1600.000,  1600.000,  1600.000
1603.125,  1603.125,  1603.125,  1603.125,  1603.125
1606.250,  1606.250,  1606.250,  1606.250,  1606.250
1609.375,  1609.375,  1609.375,  1609.375,  1609.375
1612.500,  1612.500,  1612.500,  1612.500,  1612.500
1615.625,  1615.625,  1615.625,  1615.625,  1615.625
1618.750,  1618.750,  1618.750,  1618.750,  1618.750
1621.875,  1621.875,  1621.875,  1621.875,  1621.875
1625.000,  1625.000,  1625.000,  1625.000,  1625.000
1628.125,  1628.125,  1628.125,  1628.125,  1628.125
1631.250,  1631.250,  1631.250,  1631.250,  1631.250
1634.375,  1634.375,  1634.375,  1634.375,  1634.375
1637.500,  1637.500,  1637.500,  1637.500,  1637.500
1640.625,  1640.625,  1640.625,  1640.625,  1640.625
1643.750,  1643.750,  1643.750,  1643.750,  1643.750
1646.875,  1646.875,  1646.875,  1646.875,  1646.875
1650.000,  1650.000,  1650.000,  1650.000,  1650.000
1653.125,  1653.125,  1653.125,  1653.125,  1653.125
1656.250,  1656.250,  1656.250,  1656.250,  1656.250
1659.375,  1659.375,  1659.375,  1659.375,  1659.375
1662.500,  1662.500,  1662.500,  1662.500,  1662.500
1665.625,  1665.625,  1665.625,  1665.625,  1665.625
1668.750,  1668.750,  1668.750,  1668.750,  1668.750
1671.875,  1671.875,  1671.875,  1671.875,  1671.875
1675.000,  1675.000,  1675.000,  1675.000,  1675.000
1678.125,  1678.125,  1678.125,  1678.125,  1678.125
1681.250,  1681.250,  1681.250,  1681.250,  1681.250
1684.375,  1684.375,  1684.375,  1684.375,  1684.375
1687.500,  1687.500,  1687.500,  1687.500,  1687.500
1690.625,  1690.625,  1690.625,  1690.625,  1690.625
1693.750,  1693.750,  1693.750,  1693.750,  1693.750
1696.875,  1696.875,  1696.875,  1696.875,  1696.875
1700.000,  1700.000,  1700.000,  1700.000,  1700.000
1703.125,  1703.125,  1703.125,  1703.125,  1703.125
1706.250,  1706.250,  1706.250,  1706.250,  1706.250
1709.375,  1709.375,  1709.375,  1709.375,  1709.375
1712.500,  1712.500,  1712.500,  1712.500,  1712.500
1715.625,  1715.625,  1715.625,  1715.625,  1715.625
1718.750,  1718.750,  1718.750,  1718.750,  1718.750
1721.875,  1721.875,  1721.875,  1721.875,  1721.875
1725.000,  1725.000,  1725.000,  1725.000,  1725.000
1728.125,  1728.125,  1728.125,  1728.125,  1728.125
1731.250,  1731.250,  1731.250,  1731.250,  1731.250
1734.375,  1734.375,  1734.375,  1734.375,  1734.375
1737.500,  1737.500,  1737.500,  1737.500,  1737.500
1740.625,  1740.625,  1740.625,  1740.625,  1740.625
1743.750,  1743.750,  1743.750,  1743.750,  1743.750
1746.875,  1746.875,  1746.875,  1746.875,  1746.875
1750.000,  1750.000,  1750.000,  1750.000,  1750.000
1753.125,  1753.125,  1753.125,  1753.125,  1753.125
1756.250,  1756.250,  1756.250,  1756.250,  1756.250
1759.375,  1759.375,  1759.375,  1759.375,  1759.375
1762.500,  1762.500,  1762.500,  1762.500,  1762.500
1765.625,  1765.625,  1765.625,  1765.625,  1765.625
1768.750,  1768.750,  1768.750,  1768.750,  1768.750
1771.875,  1771.875,  1771.875,  1771.875,  1771.875
1775.000,  1775.000,  1775.000,  1775.000,  1775.000
1778.125,  1778.125,  1778.125,  1778.125,  1778.125
1781.250,  1781.250,  1781.250,  1781.250,  1781.250
1784.375,  1784.375,  1784.375,  1784.375,  1784.375
1787.500,  1787.500,  1787.500,  1787.500,  1787.500
1790.625,  1790.625,  1790.625,  1790.625,  1790.625
1793.750,  1793.750,  1793.750,  1793.750,  1793.750
1796.875,  1796.875,  1796.875,  1796.875,  1796.875
1800.000,  1800.000,  1800.000,  1800.000,  1800.000
1803.125,  1803.125,  1803.125,  1803.125,  1803.125
1806.250,  1806.250,  1806.250,  1806.250,  1806.250
1809.375,  1809.375,  1809.375,  1809.375,  1809.375
1812.500,  1812.500,  1812.500,  1812.500,  1812.500
1815.625,  1815.625,  1815.625,  1815.625,  1815.625
1818.750,  1818.750,  1818.750,  1818.750,  1818.750
1821.875,  1821.875,  1821.875,  1821.875,  1821.875
1825.000,  1825.000,  1825.000,  1825.000,  1825.000
1828.125,  1828.125,  1828.125,  1828.125,  1828.125
1831.250,  1831.250,  1831.250,  1831.250,  1831.250
1834.375,  1834.375,  1834.375,  1834.375,  1834.375
1837.500,  1837.500,  1837.500,  1837.500,  1837.500
1840.625,  1840.625,  1840.625,  1840.625,  1840.625
1843.750,  1843.750,  1843.750,  1843.750,  1843.750
1846.875,  1846.875,  1846.875,  1846.875,  1846.875
1850.000,  1850.000,  1850.000,  1850.000,  1850.000
1853.125,  1853.125,  1853.125,  1853.125,  1853.125
1856.250,  1856.250,  1856.250,  1856.250,  1856.250
1859.375,  1859.375,  1859.375,  1859.375,  1859.375
1862.500,  1862.500,  1862.500,  1862.500,  1862.500
1865.625,  1865.625,  1865.625,  1865.625,  1865.625
1868.750,  1868.750,  1868.750,  1868.750,  1868.750
1871.875,  1871.875,  1871.875,  1871.875,  1871.875
1875.000,  1875.000,  1875.000,  1875.000,  1875.000
1878.125,  1878.125,  1878.125,  1878.125,  1878.125
1881.250,  1881.250,  1881.250,  1881.250,  1881.250
1884.375,  1884.375,  1884.375,  1884.375,  1884.375
1887.500,  1887.500,  1887.500,  1887.500,  1887.500
1890.625,  1890.625,  1890.625,  1890.625,  1890.625
1893.750,  1893.750,  1893.750,  1893.750,  1893.750
1896.875,  1896.875,  1896.875,  1896.875,  1896.875
1900.000,  1900.000,  1900.000,  1900.000,  1900.000
1903.125,  1903.125,  1903.125,  1903.125,  1903.125
1906.250,  1906.250,  1906.250,  1906.250,  1906.250
1909.375,  1909.375,  1909.375,  1909.375,  1909.375
1912.500,  1912.500,  1912.500,  1912.500,  1912.500
1915.625,  1915.625,  1915.625,  1915.625,  1915.625
1918.750,  1918.750,  1918.750,  1918.750,  1918.750
1921.875,  1921.875,  1921.875,  1921.875,  1921.875
1925.000,  1925.000,  1925.000,  1925.000,  1925.000
1928.125,  1928.125,  1928.125,  1928.125,  1928.125
1931.250,  1931.250,  1931.250,  1931.250,  1931.250
1934.375,  1934.375,  1934.375,  1934.375,  1934.375
1937.500,  1937.500,  1937.500,  1937.500,  1937.500
1940.625,  1940.625,  1940.625,  1940.625,  1940.625
1943.750,  1943.750,  1943.750,  1943.750,  1943.750
1946.875,  1946.875,  1946.875,  1946.875,  1946.875
1950.000,  1950.000,  1950.000,  1950.000,  1950.000
1953.125,  1953.125,  1953.125,  1953.125,  1953.125
1956.250,  1956.250,  1956.250,  1956.250,  1956.250
1959.375,  1959.375,  1959.375,  1959.375,  1959.375
1962.500,  1962.500,  1962.500,  1962.500,  1962.500
1965.625,  1965.625,  1965.625,  1965.625,  1965.625
1968.750,  1968.750,  1968.750,  1968.750,  1968.750
1971.875,  1971.875,  1971.875,  1971.875,  1971.875
1975.000,  1975.000,  1975.000,  1975.000,  1975.000
1978.125,  1978.125,  1978.125,  1978.125,  1978.125
1981.250,  1981.250,  1981.250,  1981.250,  1981.250
1984.375,  1984.375,  1984.375,  1984.375,  1984.375
1987.500,  1987.500,  1987.500,  1987.500,  1987.500
1990.625,  1990.625,  1990.625,  1990.625,  1990.625
1993.750,  1993.750,  1993.750,  1993.750,  1993.750
1996.875,  1996.875,  1996.875,  1996.875,  1996.875
2000.000,  2000.000,  2000.000,  2000.000,  2000.000
2003.125,  2003.125,  2003.125,  2003.125,  2003.125
2006.250,  2006.250,  2006.250,  2006.250,  2006.250
2009.375,  2009.375,  2009.375,  2009.375,  2009.375
2012.500,  2012.500,  2012.500,  2012.500,  2012.500
2015.625,  2015.625,  2015.625,  2015.625,  2015.625
2018.750,  2018.750,  2018.750,  2018.750,  2018.750
2021.875,  2021.875,  2021.875,  2021.875,  2021.875
2025.000,  2025.000,  2025.000,  2025.000,  2025.000
2028.125,  2028.125,  2028.125,  2028.125,  2028.125
2031.250,  2031.250,  2031.250,  2031.250,  2031.250
2034.375,  2034.375,  2034.375,  2034.375,  2034.375
2037.500,  2037.500,  2037.500,  2037.500,  2037.500
2040.625,  2040.625,  2040.625,  2040.625,  2040.625
2043.750,  2043.750,  2043.750,  2043.750,  2043.750
2046.875,  2046.875,  2046.875,  2046.875,  2046.875
2050.000,  2050.000,  2050.000,  2050.000,  2050.000
2053.125,  2053.125,  2053.125,  2053.125,  2053.125
2056.250,  2056.250,  2056.250,  2056.250,  2056.250
2059.375,  2059.375,  2059.375,  2059.375,  2059.375
2062.500,  2062.500,  2062.500,  2062.500,  2062.500
2065.625,  2065.625,  2065.625,  2065.625,  2065.625
2068.750,  2068.750,  2068.750,  2068.750,  2068.750
2071.875,  2071.875,  2071.875,  2071.875,  2071.875
2075.000,  2075.000,  2075.000,  2075.000,  2075.000
2078.125,  2078.125,  2078.125,  2078.125,  2078.125
2081.250,  2081.250,  2081.250,  2081.250,  2081.250
2084.375,  2084.375,  2084.375,  2084.375,  2084.375
2087.500,  2087.500,  2087.500,  2087.500,  2087.500
2090.625,  2090.625,  2090.625,  2090.625,  2090.625
2093.750,  2093.750,  2093.750,  2093.750,  2093.750
2096.875,  2096.875,  2096.875,  2096.875,  2096.875
2100.000,  2100.000,  2100.000,  2100.000,  2100.000
2103.125,  2103.125,  2103.125,  2103.125,  2103.125
2106.250,  2106.250,  2106.250,  2106.250,  2106.250
2109.375,  2109.375,  2109.375,  2109.375,  2109.375
2112.500,  2112.500,  2112.500,  2112.500,  2112.500
2115.625,  2115.625,  2115.625,  2115.625,  2115.625
2118.750,  2118.750,  2118.750,  2118.750,  2118.750
2121.875,  2121.875,  2121.875,  2121.875,  2121.875
2125.000,  2125.000,  2125.000,  2125.000,  2125.000
2128.125,  2128.125,  2128.125,  2128.125,  2128.125
2131.250,  2131.250,  2131.250,  2131.250,  2131.250
2134.375,  2134.375,  2134.375,  2134.375,  2134.375
2137.500,  2137.500,  2137.500,  2137.500,  2137.500
2140.625,  2140.625,  2140.625,  2140.625,  2140.625
2143.750,  2143.750,  2143.750,  2143.750,  2143.750
2146.875,  2146.875,  2146.875,  2146.875,  2146.875
2150.000,  2150.000,  2150.000,  2150.000,  2150.000
2153.125,  2153.125,  2153.125,  2153.125,  2153.125
2156.250,  2156.250,  2156.250,  2156.250,  2156.250
2159.375,  2159.375,  2159.375,  2159.375,  2159.375
2162.500,  2162.500,  2162.500,  2162.500,  2162.500
2165.625,  2165.625,  2165.625,  2165.625,  2165.625
2168.750,  2168.750,  2168.750,  2168.750,  2168.750
2171.875,  2171.875,  2171.875,  2171.875,  2171.875
2175.000,  2175.000,  2175.000,  2175.000,  2175.000
2178.125,  2178.125,  2178.125,  2178.125,  2178.125
2181.250,  2181.250,  2181.250,  2181.250,  2181.250
2184.375,  2184.375,  2184.375,  2184.375,  2184.375
2187.500,  2187.500,  2187.500,  2187.500,  2187.500
2190.625,  2190.625,  2190.625,  2190.625,  2190.625
2193.750,  2193.750,  2193.750,  2193.750,  2193.750
2196.875,  2196.875,  2196.875,  2196.875,  2196.875
2200.000,  2200.000,  2200.000,  2200.000,  2200.000
2203.125,  2203.125,  2203.125,  2203.125,  2203.125
2206.250,  2206.250,  2206.250,  2206.250,  2206.250
2209.375,  2209.375,  2209.375,  2209.375,  2209.375
2212.500,  2212.500,  2212.500,  2212.500,  2212.500
2215.625,  2215.625,  2215.625,  2215.625,  2215.625
2218.750,  2218.750,  2218.750,  2218.750,  2218.750
2221.875,  2221.875,  2221.875,  2221.875,  2221.875
2225.000,  2225.000,  2225.000,  2225.000,  2225.000
2228.125,  2228.125,  2228.125,  2228.125,  2228.125
2231.250,  2231.250,  2231.250,  2231.250,  2231.250
2234.375,  2234.375,  2234.375,  2234.375,  2234.375
2237.500,  2237.500,  2237.500,  2237.500,  2237.500
2240.625,  2240.625,  2240.625,  2240.625,  2240.625
2243.750,  2243.750,  2243.750,  2243.750,  2243.750
2246.875,  2246.875,  2246.875,  2246.875,  2246.875
2250.000,  2250.000,  2250.000,  2250.000,  2250.000
2253.125,  2253.125,  2253.125,  2253.125,  2253.125
2256.250,  2256.250,  2256.250,  2256.250,  2256.250
2259.375,  2259.375,  2259.375,  2259.375,  2259.375
2262.500,  2262.500,  2262.500,  2262.500,  2262.500
2265.625,  2265.625,  2265.625,  2265.625,  2265.625
2268.750,  2268.750,  2268.750,  2268.750,  2268.750
2271.875,  2271.875,  2271.875,  2271.875,  2271.875
2275.000,  2275.000,  2275.000,  2275.000,  2275.000
2278.125,  2278.125,  2278.125,  2278.125,  2278.125
2281.250,  2281.250,  2281.250,  2281.250,  2281.250
2284.375,  2284.375,  2284.375,  2284.375,  2284.375
2287.500,  2287.500,  2287.500,  2287.500,  2287.500
2290.625,  2290.625,  2290.625,  2290.625,  2290.625
2293.750,  2293.750,  2293.750,  2293.750,  2293.750
2296.875,  2296.875,  2296.875,  2296.875,  2296.875
2300.000,  2300.000,  2300.000,  2300.000,  2300.000
2303.125,  2303.125,  2303.125,  2303.125,  2303.125
2306.250,  2306.250,  2306.250,  2306.250,  2306.250
2309.375,  2309.375,  2309.375,  2309.375,  2309.375
2312.500,  2312.500,  2312.500,  2312.500,  2312.500
2315.625,  2315.625,  2315.625,  2315.625,  2315.625
2318.750,  2318.750,  2318.750,  2318.750,  2318.750
2321.875,  2321.875,  2321.875,  2321.875,  2321.875
2325.000,  2325.000,  2325.000,  2325.000,  2325.000
2328.125,  2328.125,  2328.125,  2328.125,  2328.125
2331.250,  2331.250,  2331.250,  2331.250,  2331.250
2334.375,  2334.375,  2334.375,  2334.375,  2334.375
2337.500,  2337.500,  2337.500,  2337.500,  2337.500
2340.625,  2340.625,  2340.625,  2340.625,  2340.625
2343.750,  2343.750,  2343.750,  2343.750,  2343.750
2346.875,  2346.875,  2346.875,  2346.875,  2346.875
2350.000,  2350.000,  2350.000,  2350.000,  2350.000
2353.125,  2353.125,  2353.125,  2353.125,  2353.125
2356.250,  2356.250,  2356.250,  2356.250,  2356.250
2359.375,  2359.375,  2359.375,  2359.375,  2359.375
2362.500,  2362.500,  2362.500,  2362.500,  2362.500
2365.625,  2365.625,  2365.625,  2365.625,  2365.625
2368.750,  2368.750,  2368.750,  2368.750,  2368.750
2371.875,  2371.875,  2371.875,  2371.875,  2371.875
2375.000,  2375.000,  2375.000,  2375.000,  2375.000
2378.125,  2378.125,  2378.125,  2378.125,  2378.125
2381.250,  2381.250,  2381.250,  2381.250,  2381.250
2384.375,  2384.375,  2384.375,  2384.375,  2384.375
2387.500,  2387.500,  2387.500,  2387.500,  2387.500
2390.625,  2390.625,  2390.625,  2390.625,  2390.625
2393.750,  2393.750,  2393.750,  2393.750,  2393.750
2396.875,  2396.875,  2396.875,  2396.875,  2396.875
2400.000,  2400.000,  2400.000,  2400.000,  2400.000
2403.125,  2403.125,  2403.125,  2403.125,  2403.125
2406.250,  2406.250,  2406.250,  2406.250,  2406.250
2409.375,  2409.375,  2409.375,  2409.375,  2409.375
2412.500,  2412.500,  2412.500,  2412.500,  2412.500
2415.625,  2415.625,  2415.625,  2415.625,  2415.625
2418.750,  2418.750,  2418.750,  2418.750,  2418.750
2421.875,  2421.875,  2421.875,  2421.875,  2421.875
2425.000,  2425.000,  2425.000,  2425.000,  2425.000
2428.125,  2428.125,  2428.125,  2428.125,  2428.125
2431.250,  2431.250,  2431.250,  2431.250,  2431.250
2434.375,  2434.375,  2434.375,  2434.375,  2434.375
2437.500,  2437.500,  2437.500,  2437.500,  2437.500
2440.625,  2440.625,  2440.625,  2440.625,  2440.625
2443.750,  2443.750,  2443.750,  2443.750,  2443.750
2446.875,  2446.875,  2446.875,  2446.875,  2446.875
2450.000,  2450.000,  2450.000,  2450.000,  2450.000
2453.125,  2453.125,  2453.125,  2453.125,  2453.125
2456.250,  2456.250,  2456.250,  2456.250,  2456.250
2459.375,  2459.375,  2459.375,  2459.375,  2459.375
2462.500,  2462.500,  2462.500,  2462.500,  2462.500
2465.625,  2465.625,  2465.625,  2465.625,  2465.625
2468.750,  2468.750,  2468.750,  2468.750,  2468.750
2471.875,  2471.875,  2471.875,  2471.875,  2471.875
2475.000,  2475.000,  2475.000,  2475.000,  2475.000
2478.125,  2478.125,  2478.125,  2478.125,  2478.125
2481.250,  2481.250,  2481.250,  2481.250,  2481.250
2484.375,  2484.375,  2484.375,  2484.375,  2484.375
2487.500,  2487.500,  2487.500,  2487.500,  2487.500
2490.625,  2490.625,  2490.625,  2490.625,  2490.625
2493.750,  2493.750,  2493.750,  2493.750,  2493.750
2496.875,  2496.875,  2496.875,  2496.875,  2496.875
2500.000,  2500.000,  2500.000,  2500.000,  2500.000
2503.125,  2503.125,  2503.125,  2503.125,  2503.125
2506.250,  2506.250,  2506.250,  2506.250,  2506.250
2509.375,  2509.375,  2509.375,  2509.375,  2509.375
2512.500,  2512.500,  2512.500,  2512.500,  2512.500
2515.625,  2515.625,  2515.625,  2515.625,  2515.625
2518.750,  2518.750,  2518.750,  2518.750,  2518.750
2521.875,  2521.875,  2521.875,  2521.875,  2521.875
2525.000,  2525.000,  2525.000,  2525.000,  2525.000
2528.125,  2528.125,  2528.125,  2528.125,  2528.125
2531.250,  2531.250,  2531.250,  2531.250,  2531.250
2534.375,  2534.375,  2534.375,  2534.375,  2534.375
2537.500,  2537.500,  2537.500,  2537.500,  2537.500
2540.625,  2540.625,  2540.625,  2540.625,  2540.625
2543.750,  2543.750,  2543.750,  2543.750,  2543.750
2546.875,  2546.875,  2546.875,  2546.875,  2546.875
2550.000,  2550.000,  2550.000,  2550.000,  2550.000
2553.125,  2553.125,  2553.125,  2553.125,  2553.125
2556.250,  2556.250,  2556.250,  2556.250,  2556.250
2559.375,  2559.375,  2559.375,  2559.375,  2559.375
2562.500,  2562.500,  2562.500,  2562.500,  2562.500
2565.625,  2565.625,  2565.625,  2565.625,  2565.625
2568.750,  2568.750,  2568.750,  2568.750,  2568.750
2571.875,  2571.875,  2571.875,  2571.875,  2571.875
2575.000,  2575.000,  2575.000,  2575.000,  2575.000
2578.125,  2578.125,  2578.125,  2578.125,  2578.125
2581.250,  2581.250,  2581.250,  2581.250,  2581.250
2584.375,  2584.375,  2584.375,  2584.375,  2584.375
2587.500,  2587.500,  2587.500,  2587.500,  2587.500
2590.625,  2590.625,  2590.625,  2590.625,  2590.625
2593.750,  2593.750,  2593.750,  2593.750,  2593.750
2596.875,  2596.875,  2596.875,  2596.875,  2596.875
2600.000,  2600.000,  2600.000,  2600.000,  2600.000
2603.125,  2603.125,  2603.125,  2603.125,  2603.125
2606.250,  2606.250,  2606.250,  2606.250,  2606.250
2609.375,  2609.375,  2609.375,  2609.375,  2609.375
2612.500,  2612.500,  2612.500,  2612.500,  2612.500
2615.625,  2615.625,  2615.625,  2615.625,  2615.625
2618.750,  2618.750,  2618.750,  2618.750,  2618.750
2621.875,  2621.875,  2621.875,  2621.875,  2621.875
2625.000,  2625.000,  2625.000,  2625.000,  2625.000
2628.125,  2628.125,  2628.125,  2628.125,  2628.125
2631.250,  2631.250,  2631.250,  2631.250,  2631.250
2634.375,  2634.375,  2634.375,  2634.375,  2634.375
2637.500,  2637.500,  2637.500,  2637.500,  2637.500
2640.625,  2640.625,  2640.625,  2640.625,  2640.625
2643.750,  2643.750,  2643.750,  2643.750,  2643.750
2646.875,  2646.875,  2646.875,  2646.875,  2646.875
2650.000,  2650.000,  2650.000,  2650.000,  2650.000
2653.125,  2653.125,  2653.125,  2653.125,  2653.125
2656.250,  2656.250,  2656.250,  2656.250,  2656.250
2659.375,  2659.375,  2659.375,  2659.375,  2659.375
2662.500,  2662.500,  2662.500,  2662.500,  2662.500
2665.625,  2665.625,  2665.625,  2665.625,  2665.625
2668.750,  2668.750,  2668.750,  2668.750,  2668.750
2671.875,  2671.875,  2671.875,  2671.875,  2671.875
2675.000,  2675.000,  2675.000,  2675.000,  2675.000
2678.125,  2678.125,  2678.125,  2678.125,  2678.125
2681.250,  2681.250,  2681.250,  2681.250,  2681.250
2684.375,  2684.375,  2684.375,  2684.375,  2684.375
2687.500,  2687.500,  2687.500,  2687.500,  2687.500
2690.625,  2690.625,  2690.625,  2690.625,  2690.625
2693.750,  2693.750,  2693.750,  2693.750,  2693.750
2696.875,  2696.875,  2696.875,  2696.875,  2696.875
2700.000,  2700.000,  2700.000,  2700.000,  2700.000
2703.125,  2703.125,  2703.125,  2703.125,  2703.125
2706.250,  2706.250,  2706.250,  2706.250,  2706.250
2709.375,  2709.375,  2709.375,  2709.375,  2709.375
2712.500,  2712.500,  2712.500,  2712.500,  2712.500
2715.625,  2715.625,  2715.625,  2715.625,  2715.625
2718.750,  2718.750,  2718.750,  2718.750,  2718.750
2721.875,  2721.875,  2721.875,  2721.875,  2721.875
2725.000,  2725.000,  2725.000,  2725.000,  2725.000
2728.125,  2728.125,  2728.125,  2728.125,  2728.125
2731.250,  2731.250,  2731.250,  2731.250,  2731.250
2734.375,  2734.375,  2734.375,  2734.375,  2734.375
2737.500,  2737.500,  2737.500,  2737.500,  2737.500
2740.625,  2740.625,  2740.625,  2740.625,  2740.625
2743.750,  2743.750,  2743.750,  2743.750,  2743.750
2746.875,  2746.875,  2746.875,  2746.875,  2746.875
2750.000,  2750.000,  2750.000,  2750.000,  2750.000
2753.125,  2753.125,  2753.125,  2753.125,  2753.125
2756.250,  2756.250,  2756.250,  2756.250,  2756.250
2759.375,  2759.375,  2759.375,  2759.375,  2759.375
2762.500,  2762.500,  2762.500,  2762.500,  2762.500
2765.625,  2765.625,  2765.625,  2765.625,  2765.625
2768.750,  2768.750,  2768.750,  2768.750,  2768.750
2771.875,  2771.875,  2771.875,  2771.875,  2771.875
2775.000,  2775.000,  2775.000,  2775.000,  2775.000
2778.125,  2778.125,  2778.125,  2778.125,  2778.125
2781.250,  2781.250,  2781.250,  2781.250,  2781.250
2784.375,  2784.375,  2784.375,  2784.375,  2784.375
2787.500,  2787.500,  2787.500,  2787.500,  2787.500
2790.625,  2790.625,  2790.625,  2790.625,  2790.625
2793.750,  2793.750,  2793.750,  2793.750,  2793.750
2796.875,  2796.875,  2796.875,  2796.875,  2796.875
2800.000,  2800.000,  2800.000,  2800.000,  2800.000
2803.125,  2803.125,  2803.125,  2803.125,  2803.125
2806.250,  2806.250,  2806.250,  2806.250,  2806.250
2809.375,  2809.375,  2809.375,  2809.375,  2809.375
2812.500,  2812.500,  2812.500,  2812.500,  2812.500
2815.625,  2815.625,  2815.625,  2815.625,  2815.625
2818.750,  2818.750,  2818.750,  2818.750,  2818.750
2821.875,  2821.875,  2821.875,  2821.875,  2821.875
2825.000,  2825.000,  2825.000,  2825.000,  2825.000
2828.125,  2828.125,  2828.125,  2828.125,  2828.125
2831.250,  2831.250,  2831.250,  2831.250,  2831.250
2834.375,  2834.375,  2834.375,  2834.375,  2834.375
2837.500,  2837.500,  2837.500,  2837.500,  2837.500
2840.625,  2840.625,  2840.625,  2840.625,  2840.625
2843.750,  2843.750,  2843.750,  2843.750,  2843.750
2846.875,  2846.875,  2846.875,  2846.875,  2846.875
2850.000,  2850.000,  2850.000,  2850.000,  2850.000
2853.125,  2853.125,  2853.125,  2853.125,  2853.125
2856.250,  2856.250,  2856.250,  2856.250,  2856.250
2859.375,  2859.375,  2859.375,  2859.375,  2859.375
2862.500,  2862.500,  2862.500,  2862.500,  2862.500
2865.625,  2865.625,  2865.625,  2865.625,  2865.625
2868.750,  2868.750,  2868.750,  2868.750,  2868.750
2871.875,  2871.875,  2871.875,  2871.875,  2871.875
2875.000,  2875.000,  2875.000,  2875.000,  2875.000
2878.125,  2878.125,  2878.125,  2878.125,  2878.125
2881.250,  2881.250,  2881.250,  2881.250,  2881.250
2884.375,  2884.375,  2884.375,  2884.375,  2884.375
2887.500,  2887.500,  2887.500,  2887.500,  2887.500
2890.625,  2890.625,  2890.625,  2890.625,  2890.625
2893.750,  2893.750,  2893.750,  2893.750,  2893.750
2896.875,  2896.875,  2896.875,  2896.875,  2896.875
2900.000,  2900.000,  2900.000,  2900.000,  2900.000
2903.125,  2903.125,  2903.125,  2903.125,  2903.125
2906.250,  2906.250,  2906.250,  2906.250,  2906.250
2909.375,  2909.375,  2909.375,  2909.375,  2909.375
2912.500,  2912.500,  2912.500,  2912.500,  2912.500
2915.625,  2915.625,  2915.625,  2915.625,  2915.625
2918.750,  2918.750,  2918.750,  2918.750,  2918.750
2921.875,  2921.875,  2921.875,  2921.875,  2921.875
2925.000,  2925.000,  2925.000,  2925.000,  2925.000
2928.125,  2928.125,  2928.125,  2928.125,  2928.125
2931.250,  2931.250,  2931.250,  2931.250,  2931.250
2934.375,  2934.375,  2934.375,  2934.375,  2934.375
2937.500,  2937.500,  2937.500,  2937.500,  2937.500
2940.625,  2940.625,  2940.625,  2940.625,  2940.625
2943.750,  2943.750,  2943.750,  2943.750,  2943.750
2946.875,  2946.875,  2946.875,  2946.875,  2946.875
2950.000,  2950.000,  2950.000,  2950.000,  2950.000
2953.125,  2953.125,  2953.125,  2953.125,  2953.125
2956.250,  2956.250,  2956.250,  2956.250,  2956.250
2959.375,  2959.375,  2959.375,  2959.375,  2959.375
2962.500,  2962.500,  2962.500,  2962.500,  2962.500
2965.625,  2965.625,  2965.625,  2965.625,  2965.625
2968.750,  2968.750,  2968.750,  2968.750,  2968.750
2971.875,  2971.875,  2971.875,  2971.875,  2971.875
2975.000,  2975.000,  2975.000,  2975.000,  2975.000
2978.125,  2978.125,  2978.125,  2978.125,  2978.125
2981.250,  2981.250,  2981.250,  2981.250,  2981.250
2984.375,  2984.375,  2984.375,  2984.375,  2984.375
2987.500,  2987.500,  2987.500,  2987.500,  2987.500
2990.625,  2990.625,  2990.625,  2990.625,  2990.625
2993.750,  2993.750,  2993.750,  2993.750,  2993.750
2996.875,  2996.875,  2996.875,  2996.875,  2996.875
3000.000,  3000.000,  3000.000,  3000.000,  3000.000
3003.125,  3003.125,  3003.125,  3003.125,  3003.125
3006.250,  3006.250,  3006.250,  3006.250,  3006.250
3009.375,  3009.375,  3009.375,  3009.375,  3009.375
3012.500,  3012.500,  3012.500,  3012.500,  3012.500
3015.625,  3015.625,  3015.625,  3015.625,  3015.625
3018.750,  3018.750,  3018.750,  3018.750,  3018.750
3021.875,  3021.875,  3021.875,  3021.875,  3021.875
3025.000,  3025.000,  3025.000,  3025.000,  3025.000
3028.125,  3028.125,  3028.125,  3028.125,  3028.125
3031.250,  3031.250,  3031.250,  3031.250,  3031.250
3034.375,  3034.375,  3034.375,  3034.375,  3034.375
3037.500,  3037.500,  3037.500,  3037.500,  3037.500
3040.625,  3040.625,  3040.625,  3040.625,  3040.625
3043.750,  3043.750,  3043.750,  3043.750,  3043.750
3046.875,  3046.875,  3046.875,  3046.875,  3046.875
3050.000,  3050.000,  3050.000,  3050.000,  3050.000
3053.125,  3053.125,  3053.125,  3053.125,  3053.125
3056.250,  3056.250,  3056.250,  3056.250,  3056.250
3059.375,  3059.375,  3059.375,  3059.375,  3059.375
3062.500,  3062.500,  3062.500,  3062.500,  3062.500
3065.625,  3065.625,  3065.625,  3065.625,  3065.625
3068.750,  3068.750,  3068.750,  3068.750,  3068.750
3071.875,  3071.875,  3071.875,  3071.875,  3071.875
3075.000,  3075.000,  3075.000,  3075.000,  3075.000
3078.125,  3078.125,  3078.125,  3078.125,  3078.125
3081.250,  3081.250,  3081.250,  3081.250,  3081.250
3084.375,  3084.375,  3084.375,  3084.375,  3084.375
3087.500,  3087.500,  3087.500,  3087.500,  3087.500
3090.625,  3090.625,  3090.625,  3090.625,  3090.625
3093.750,  3093.750,  3093.750,  3093.750,  3093.750
3096.875,  3096.875,  3096.875,  3096.875,  3096.875
3100.000,  3100.000,  3100.000,  3100.000,  3100.000
3103.125,  3103.125,  3103.125,  3103.125,  3103.125
3106.250,  3106.250,  3106.250,  3106.250,  3106.250
3109.375,  3109.375,  3109.375,  3109.375,  3109.375
3112.500,  3112.500,  3112.500,  3112.500,  3112.500
3115.625,  3115.625,  3115.625,  3115.625,  3115.625
3118.750,  3118.750,  3118.750,  3118.750,  3118.750
3121.875,  3121.875,  3121.875,  3121.875,  3121.875
3125.000,  3125.000,  3125.000,  3125.000,  3125.000
3128.125,  3128.125,  3128.125,  3128.125,  3128.125
3131.250,  3131.250,  3131.250,  3131.250,  3131.250
3134.375,  3134.375,  3134.375,  3134.375,  3134.375
3137.500,  3137.500,  3137.500,  3137.500,  3137.500
3140.625,  3140.625,  3140.625,  3140.625,  3140.625
3143.750,  3143.750,  3143.750,  3143.750,  3143.750
3146.875,  3146.875,  3146.875,  3146.875,  3146.875
3150.000,  3150.000,  3150.000,  3150.000,  3150.000
3153.125,  3153.125,  3153.125,  3153.125,  3153.125
3156.250,  3156.250,  3156.250,  3156.250,  3156.250
3159.375,  3159.375,  3159.375,  3159.375,  3159.375
3162.500,  3162.500,  3162.500,  3162.500,  3162.500
3165.625,  3165.625,  3165.625,  3165.625,  3165.625
3168.750,  3168.750,  3168.750,  3168.750,  3168.750
3171.875,  3171.875,  3171.875,  3171.875,  3171.875
3175.000,  3175.000,  3175.000,  3175.000,  3175.000
3178.125,  3178.125,  3178.125,  3178.125,  3178.125
3181.250,  3181.250,  3181.250,  3181.250,  3181.250
3184.375,  3184.375,  3184.375,  3184.375,  3184.375
3187.500,  3187.500,  3187.500,  3187.500,  3187.500
3190.625,  3190.625,  3190.625,  3190.625,  3190.625
3193.750,  3193.750,  3193.750,  3193.750,  3193.750
3196.875,  3196.875,  3196.875,  3196.875,  3196.875
