5.0GHz simulated timing data
 Module1    Module2    Module3    Module4    Module5
   0.000,     0.000,     0.000,     0.000,     0.000
   0.200,     0.200,     0.200,     0.200,     0.200
   0.400,     0.400,     0.400,     0.400,     0.400
   0.600,     0.600,     0.600,     0.600,     0.600
   0.800,     0.800,     0.800,     0.800,     0.800
   1.000,     1.000,     1.000,     1.000,     1.000
   1.200,     1.200,     1.200,     1.200,     1.200
   1.400,     1.400,     1.400,     1.400,     1.400
   1.600,     1.600,     1.600,     1.600,     1.600
   1.800,     1.800,     1.800,     1.800,     1.800
   2.000,     2.000,     2.000,     2.000,     2.000
   2.200,     2.200,     2.200,     2.200,     2.200
   2.400,     2.400,     2.400,     2.400,     2.400
   2.600,     2.600,     2.600,     2.600,     2.600
   2.800,     2.800,     2.800,     2.800,     2.800
   3.000,     3.000,     3.000,     3.000,     3.000
   3.200,     3.200,     3.200,     3.200,     3.200
   3.400,     3.400,     3.400,     3.400,     3.400
   3.600,     3.600,     3.600,     3.600,     3.600
   3.800,     3.800,     3.800,     3.800,     3.800
   4.000,     4.000,     4.000,     4.000,     4.000
   4.200,     4.200,     4.200,     4.200,     4.200
   4.400,     4.400,     4.400,     4.400,     4.400
   4.600,     4.600,     4.600,     4.600,     4.600
   4.800,     4.800,     4.800,     4.800,     4.800
   5.000,     5.000,     5.000,     5.000,     5.000
   5.200,     5.200,     5.200,     5.200,     5.200
   5.400,     5.400,     5.400,     5.400,     5.400
   5.600,     5.600,     5.600,     5.600,     5.600
   5.800,     5.800,     5.800,     5.800,     5.800
   6.000,     6.000,     6.000,     6.000,     6.000
   6.200,     6.200,     6.200,     6.200,     6.200
   6.400,     6.400,     6.400,     6.400,     6.400
   6.600,     6.600,     6.600,     6.600,     6.600
   6.800,     6.800,     6.800,     6.800,     6.800
   7.000,     7.000,     7.000,     7.000,     7.000
   7.200,     7.200,     7.200,     7.200,     7.200
   7.400,     7.400,     7.400,     7.400,     7.400
   7.600,     7.600,     7.600,     7.600,     7.600
   7.800,     7.800,     7.800,     7.800,     7.800
   8.000,     8.000,     8.000,     8.000,     8.000
   8.200,     8.200,     8.200,     8.200,     8.200
   8.400,     8.400,     8.400,     8.400,     8.400
   8.600,     8.600,     8.600,     8.600,     8.600
   8.800,     8.800,     8.800,     8.800,     8.800
   9.000,     9.000,     9.000,     9.000,     9.000
   9.200,     9.200,     9.200,     9.200,     9.200
   9.400,     9.400,     9.400,     9.400,     9.400
   9.600,     9.600,     9.600,     9.600,     9.600
   9.800,     9.800,     9.800,     9.800,     9.800
  10.000,    10.000,    10.000,    10.000,    10.000
  10.200,    10.200,    10.200,    10.200,    10.200
  10.400,    10.400,    10.400,    10.400,    10.400
  10.600,    10.600,    10.600,    10.600,    10.600
  10.800,    10.800,    10.800,    10.800,    10.800
  11.000,    11.000,    11.000,    11.000,    11.000
  11.200,    11.200,    11.200,    11.200,    11.200
  11.400,    11.400,    11.400,    11.400,    11.400
  11.600,    11.600,    11.600,    11.600,    11.600
  11.800,    11.800,    11.800,    11.800,    11.800
  12.000,    12.000,    12.000,    12.000,    12.000
  12.200,    12.200,    12.200,    12.200,    12.200
  12.400,    12.400,    12.400,    12.400,    12.400
  12.600,    12.600,    12.600,    12.600,    12.600
  12.800,    12.800,    12.800,    12.800,    12.800
  13.000,    13.000,    13.000,    13.000,    13.000
  13.200,    13.200,    13.200,    13.200,    13.200
  13.400,    13.400,    13.400,    13.400,    13.400
  13.600,    13.600,    13.600,    13.600,    13.600
  13.800,    13.800,    13.800,    13.800,    13.800
  14.000,    14.000,    14.000,    14.000,    14.000
  14.200,    14.200,    14.200,    14.200,    14.200
  14.400,    14.400,    14.400,    14.400,    14.400
  14.600,    14.600,    14.600,    14.600,    14.600
  14.800,    14.800,    14.800,    14.800,    14.800
  15.000,    15.000,    15.000,    15.000,    15.000
  15.200,    15.200,    15.200,    15.200,    15.200
  15.400,    15.400,    15.400,    15.400,    15.400
  15.600,    15.600,    15.600,    15.600,    15.600
  15.800,    15.800,    15.800,    15.800,    15.800
  16.000,    16.000,    16.000,    16.000,    16.000
  16.200,    16.200,    16.200,    16.200,    16.200
  16.400,    16.400,    16.400,    16.400,    16.400
  16.600,    16.600,    16.600,    16.600,    16.600
  16.800,    16.800,    16.800,    16.800,    16.800
  17.000,    17.000,    17.000,    17.000,    17.000
  17.200,    17.200,    17.200,    17.200,    17.200
  17.400,    17.400,    17.400,    17.400,    17.400
  17.600,    17.600,    17.600,    17.600,    17.600
  17.800,    17.800,    17.800,    17.800,    17.800
  18.000,    18.000,    18.000,    18.000,    18.000
  18.200,    18.200,    18.200,    18.200,    18.200
  18.400,    18.400,    18.400,    18.400,    18.400
  18.600,    18.600,    18.600,    18.600,    18.600
  18.800,    18.800,    18.800,    18.800,    18.800
  19.000,    19.000,    19.000,    19.000,    19.000
  19.200,    19.200,    19.200,    19.200,    19.200
  19.400,    19.400,    19.400,    19.400,    19.400
  19.600,    19.600,    19.600,    19.600,    19.600
  19.800,    19.800,    19.800,    19.800,    19.800
  20.000,    20.000,    20.000,    20.000,    20.000
  20.200,    20.200,    20.200,    20.200,    20.200
  20.400,    20.400,    20.400,    20.400,    20.400
  20.600,    20.600,    20.600,    20.600,    20.600
  20.800,    20.800,    20.800,    20.800,    20.800
  21.000,    21.000,    21.000,    21.000,    21.000
  21.200,    21.200,    21.200,    21.200,    21.200
  21.400,    21.400,    21.400,    21.400,    21.400
  21.600,    21.600,    21.600,    21.600,    21.600
  21.800,    21.800,    21.800,    21.800,    21.800
  22.000,    22.000,    22.000,    22.000,    22.000
  22.200,    22.200,    22.200,    22.200,    22.200
  22.400,    22.400,    22.400,    22.400,    22.400
  22.600,    22.600,    22.600,    22.600,    22.600
  22.800,    22.800,    22.800,    22.800,    22.800
  23.000,    23.000,    23.000,    23.000,    23.000
  23.200,    23.200,    23.200,    23.200,    23.200
  23.400,    23.400,    23.400,    23.400,    23.400
  23.600,    23.600,    23.600,    23.600,    23.600
  23.800,    23.800,    23.800,    23.800,    23.800
  24.000,    24.000,    24.000,    24.000,    24.000
  24.200,    24.200,    24.200,    24.200,    24.200
  24.400,    24.400,    24.400,    24.400,    24.400
  24.600,    24.600,    24.600,    24.600,    24.600
  24.800,    24.800,    24.800,    24.800,    24.800
  25.000,    25.000,    25.000,    25.000,    25.000
  25.200,    25.200,    25.200,    25.200,    25.200
  25.400,    25.400,    25.400,    25.400,    25.400
  25.600,    25.600,    25.600,    25.600,    25.600
  25.800,    25.800,    25.800,    25.800,    25.800
  26.000,    26.000,    26.000,    26.000,    26.000
  26.200,    26.200,    26.200,    26.200,    26.200
  26.400,    26.400,    26.400,    26.400,    26.400
  26.600,    26.600,    26.600,    26.600,    26.600
  26.800,    26.800,    26.800,    26.800,    26.800
  27.000,    27.000,    27.000,    27.000,    27.000
  27.200,    27.200,    27.200,    27.200,    27.200
  27.400,    27.400,    27.400,    27.400,    27.400
  27.600,    27.600,    27.600,    27.600,    27.600
  27.800,    27.800,    27.800,    27.800,    27.800
  28.000,    28.000,    28.000,    28.000,    28.000
  28.200,    28.200,    28.200,    28.200,    28.200
  28.400,    28.400,    28.400,    28.400,    28.400
  28.600,    28.600,    28.600,    28.600,    28.600
  28.800,    28.800,    28.800,    28.800,    28.800
  29.000,    29.000,    29.000,    29.000,    29.000
  29.200,    29.200,    29.200,    29.200,    29.200
  29.400,    29.400,    29.400,    29.400,    29.400
  29.600,    29.600,    29.600,    29.600,    29.600
  29.800,    29.800,    29.800,    29.800,    29.800
  30.000,    30.000,    30.000,    30.000,    30.000
  30.200,    30.200,    30.200,    30.200,    30.200
  30.400,    30.400,    30.400,    30.400,    30.400
  30.600,    30.600,    30.600,    30.600,    30.600
  30.800,    30.800,    30.800,    30.800,    30.800
  31.000,    31.000,    31.000,    31.000,    31.000
  31.200,    31.200,    31.200,    31.200,    31.200
  31.400,    31.400,    31.400,    31.400,    31.400
  31.600,    31.600,    31.600,    31.600,    31.600
  31.800,    31.800,    31.800,    31.800,    31.800
  32.000,    32.000,    32.000,    32.000,    32.000
  32.200,    32.200,    32.200,    32.200,    32.200
  32.400,    32.400,    32.400,    32.400,    32.400
  32.600,    32.600,    32.600,    32.600,    32.600
  32.800,    32.800,    32.800,    32.800,    32.800
  33.000,    33.000,    33.000,    33.000,    33.000
  33.200,    33.200,    33.200,    33.200,    33.200
  33.400,    33.400,    33.400,    33.400,    33.400
  33.600,    33.600,    33.600,    33.600,    33.600
  33.800,    33.800,    33.800,    33.800,    33.800
  34.000,    34.000,    34.000,    34.000,    34.000
  34.200,    34.200,    34.200,    34.200,    34.200
  34.400,    34.400,    34.400,    34.400,    34.400
  34.600,    34.600,    34.600,    34.600,    34.600
  34.800,    34.800,    34.800,    34.800,    34.800
  35.000,    35.000,    35.000,    35.000,    35.000
  35.200,    35.200,    35.200,    35.200,    35.200
  35.400,    35.400,    35.400,    35.400,    35.400
  35.600,    35.600,    35.600,    35.600,    35.600
  35.800,    35.800,    35.800,    35.800,    35.800
  36.000,    36.000,    36.000,    36.000,    36.000
  36.200,    36.200,    36.200,    36.200,    36.200
  36.400,    36.400,    36.400,    36.400,    36.400
  36.600,    36.600,    36.600,    36.600,    36.600
  36.800,    36.800,    36.800,    36.800,    36.800
  37.000,    37.000,    37.000,    37.000,    37.000
  37.200,    37.200,    37.200,    37.200,    37.200
  37.400,    37.400,    37.400,    37.400,    37.400
  37.600,    37.600,    37.600,    37.600,    37.600
  37.800,    37.800,    37.800,    37.800,    37.800
  38.000,    38.000,    38.000,    38.000,    38.000
  38.200,    38.200,    38.200,    38.200,    38.200
  38.400,    38.400,    38.400,    38.400,    38.400
  38.600,    38.600,    38.600,    38.600,    38.600
  38.800,    38.800,    38.800,    38.800,    38.800
  39.000,    39.000,    39.000,    39.000,    39.000
  39.200,    39.200,    39.200,    39.200,    39.200
  39.400,    39.400,    39.400,    39.400,    39.400
  39.600,    39.600,    39.600,    39.600,    39.600
  39.800,    39.800,    39.800,    39.800,    39.800
  40.000,    40.000,    40.000,    40.000,    40.000
  40.200,    40.200,    40.200,    40.200,    40.200
  40.400,    40.400,    40.400,    40.400,    40.400
  40.600,    40.600,    40.600,    40.600,    40.600
  40.800,    40.800,    40.800,    40.800,    40.800
  41.000,    41.000,    41.000,    41.000,    41.000
  41.200,    41.200,    41.200,    41.200,    41.200
  41.400,    41.400,    41.400,    41.400,    41.400
  41.600,    41.600,    41.600,    41.600,    41.600
  41.800,    41.800,    41.800,    41.800,    41.800
  42.000,    42.000,    42.000,    42.000,    42.000
  42.200,    42.200,    42.200,    42.200,    42.200
  42.400,    42.400,    42.400,    42.400,    42.400
  42.600,    42.600,    42.600,    42.600,    42.600
  42.800,    42.800,    42.800,    42.800,    42.800
  43.000,    43.000,    43.000,    43.000,    43.000
  43.200,    43.200,    43.200,    43.200,    43.200
  43.400,    43.400,    43.400,    43.400,    43.400
  43.600,    43.600,    43.600,    43.600,    43.600
  43.800,    43.800,    43.800,    43.800,    43.800
  44.000,    44.000,    44.000,    44.000,    44.000
  44.200,    44.200,    44.200,    44.200,    44.200
  44.400,    44.400,    44.400,    44.400,    44.400
  44.600,    44.600,    44.600,    44.600,    44.600
  44.800,    44.800,    44.800,    44.800,    44.800
  45.000,    45.000,    45.000,    45.000,    45.000
  45.200,    45.200,    45.200,    45.200,    45.200
  45.400,    45.400,    45.400,    45.400,    45.400
  45.600,    45.600,    45.600,    45.600,    45.600
  45.800,    45.800,    45.800,    45.800,    45.800
  46.000,    46.000,    46.000,    46.000,    46.000
  46.200,    46.200,    46.200,    46.200,    46.200
  46.400,    46.400,    46.400,    46.400,    46.400
  46.600,    46.600,    46.600,    46.600,    46.600
  46.800,    46.800,    46.800,    46.800,    46.800
  47.000,    47.000,    47.000,    47.000,    47.000
  47.200,    47.200,    47.200,    47.200,    47.200
  47.400,    47.400,    47.400,    47.400,    47.400
  47.600,    47.600,    47.600,    47.600,    47.600
  47.800,    47.800,    47.800,    47.800,    47.800
  48.000,    48.000,    48.000,    48.000,    48.000
  48.200,    48.200,    48.200,    48.200,    48.200
  48.400,    48.400,    48.400,    48.400,    48.400
  48.600,    48.600,    48.600,    48.600,    48.600
  48.800,    48.800,    48.800,    48.800,    48.800
  49.000,    49.000,    49.000,    49.000,    49.000
  49.200,    49.200,    49.200,    49.200,    49.200
  49.400,    49.400,    49.400,    49.400,    49.400
  49.600,    49.600,    49.600,    49.600,    49.600
  49.800,    49.800,    49.800,    49.800,    49.800
  50.000,    50.000,    50.000,    50.000,    50.000
  50.200,    50.200,    50.200,    50.200,    50.200
  50.400,    50.400,    50.400,    50.400,    50.400
  50.600,    50.600,    50.600,    50.600,    50.600
  50.800,    50.800,    50.800,    50.800,    50.800
  51.000,    51.000,    51.000,    51.000,    51.000
  51.200,    51.200,    51.200,    51.200,    51.200
  51.400,    51.400,    51.400,    51.400,    51.400
  51.600,    51.600,    51.600,    51.600,    51.600
  51.800,    51.800,    51.800,    51.800,    51.800
  52.000,    52.000,    52.000,    52.000,    52.000
  52.200,    52.200,    52.200,    52.200,    52.200
  52.400,    52.400,    52.400,    52.400,    52.400
  52.600,    52.600,    52.600,    52.600,    52.600
  52.800,    52.800,    52.800,    52.800,    52.800
  53.000,    53.000,    53.000,    53.000,    53.000
  53.200,    53.200,    53.200,    53.200,    53.200
  53.400,    53.400,    53.400,    53.400,    53.400
  53.600,    53.600,    53.600,    53.600,    53.600
  53.800,    53.800,    53.800,    53.800,    53.800
  54.000,    54.000,    54.000,    54.000,    54.000
  54.200,    54.200,    54.200,    54.200,    54.200
  54.400,    54.400,    54.400,    54.400,    54.400
  54.600,    54.600,    54.600,    54.600,    54.600
  54.800,    54.800,    54.800,    54.800,    54.800
  55.000,    55.000,    55.000,    55.000,    55.000
  55.200,    55.200,    55.200,    55.200,    55.200
  55.400,    55.400,    55.400,    55.400,    55.400
  55.600,    55.600,    55.600,    55.600,    55.600
  55.800,    55.800,    55.800,    55.800,    55.800
  56.000,    56.000,    56.000,    56.000,    56.000
  56.200,    56.200,    56.200,    56.200,    56.200
  56.400,    56.400,    56.400,    56.400,    56.400
  56.600,    56.600,    56.600,    56.600,    56.600
  56.800,    56.800,    56.800,    56.800,    56.800
  57.000,    57.000,    57.000,    57.000,    57.000
  57.200,    57.200,    57.200,    57.200,    57.200
  57.400,    57.400,    57.400,    57.400,    57.400
  57.600,    57.600,    57.600,    57.600,    57.600
  57.800,    57.800,    57.800,    57.800,    57.800
  58.000,    58.000,    58.000,    58.000,    58.000
  58.200,    58.200,    58.200,    58.200,    58.200
  58.400,    58.400,    58.400,    58.400,    58.400
  58.600,    58.600,    58.600,    58.600,    58.600
  58.800,    58.800,    58.800,    58.800,    58.800
  59.000,    59.000,    59.000,    59.000,    59.000
  59.200,    59.200,    59.200,    59.200,    59.200
  59.400,    59.400,    59.400,    59.400,    59.400
  59.600,    59.600,    59.600,    59.600,    59.600
  59.800,    59.800,    59.800,    59.800,    59.800
  60.000,    60.000,    60.000,    60.000,    60.000
  60.200,    60.200,    60.200,    60.200,    60.200
  60.400,    60.400,    60.400,    60.400,    60.400
  60.600,    60.600,    60.600,    60.600,    60.600
  60.800,    60.800,    60.800,    60.800,    60.800
  61.000,    61.000,    61.000,    61.000,    61.000
  61.200,    61.200,    61.200,    61.200,    61.200
  61.400,    61.400,    61.400,    61.400,    61.400
  61.600,    61.600,    61.600,    61.600,    61.600
  61.800,    61.800,    61.800,    61.800,    61.800
  62.000,    62.000,    62.000,    62.000,    62.000
  62.200,    62.200,    62.200,    62.200,    62.200
  62.400,    62.400,    62.400,    62.400,    62.400
  62.600,    62.600,    62.600,    62.600,    62.600
  62.800,    62.800,    62.800,    62.800,    62.800
  63.000,    63.000,    63.000,    63.000,    63.000
  63.200,    63.200,    63.200,    63.200,    63.200
  63.400,    63.400,    63.400,    63.400,    63.400
  63.600,    63.600,    63.600,    63.600,    63.600
  63.800,    63.800,    63.800,    63.800,    63.800
  64.000,    64.000,    64.000,    64.000,    64.000
  64.200,    64.200,    64.200,    64.200,    64.200
  64.400,    64.400,    64.400,    64.400,    64.400
  64.600,    64.600,    64.600,    64.600,    64.600
  64.800,    64.800,    64.800,    64.800,    64.800
  65.000,    65.000,    65.000,    65.000,    65.000
  65.200,    65.200,    65.200,    65.200,    65.200
  65.400,    65.400,    65.400,    65.400,    65.400
  65.600,    65.600,    65.600,    65.600,    65.600
  65.800,    65.800,    65.800,    65.800,    65.800
  66.000,    66.000,    66.000,    66.000,    66.000
  66.200,    66.200,    66.200,    66.200,    66.200
  66.400,    66.400,    66.400,    66.400,    66.400
  66.600,    66.600,    66.600,    66.600,    66.600
  66.800,    66.800,    66.800,    66.800,    66.800
  67.000,    67.000,    67.000,    67.000,    67.000
  67.200,    67.200,    67.200,    67.200,    67.200
  67.400,    67.400,    67.400,    67.400,    67.400
  67.600,    67.600,    67.600,    67.600,    67.600
  67.800,    67.800,    67.800,    67.800,    67.800
  68.000,    68.000,    68.000,    68.000,    68.000
  68.200,    68.200,    68.200,    68.200,    68.200
  68.400,    68.400,    68.400,    68.400,    68.400
  68.600,    68.600,    68.600,    68.600,    68.600
  68.800,    68.800,    68.800,    68.800,    68.800
  69.000,    69.000,    69.000,    69.000,    69.000
  69.200,    69.200,    69.200,    69.200,    69.200
  69.400,    69.400,    69.400,    69.400,    69.400
  69.600,    69.600,    69.600,    69.600,    69.600
  69.800,    69.800,    69.800,    69.800,    69.800
  70.000,    70.000,    70.000,    70.000,    70.000
  70.200,    70.200,    70.200,    70.200,    70.200
  70.400,    70.400,    70.400,    70.400,    70.400
  70.600,    70.600,    70.600,    70.600,    70.600
  70.800,    70.800,    70.800,    70.800,    70.800
  71.000,    71.000,    71.000,    71.000,    71.000
  71.200,    71.200,    71.200,    71.200,    71.200
  71.400,    71.400,    71.400,    71.400,    71.400
  71.600,    71.600,    71.600,    71.600,    71.600
  71.800,    71.800,    71.800,    71.800,    71.800
  72.000,    72.000,    72.000,    72.000,    72.000
  72.200,    72.200,    72.200,    72.200,    72.200
  72.400,    72.400,    72.400,    72.400,    72.400
  72.600,    72.600,    72.600,    72.600,    72.600
  72.800,    72.800,    72.800,    72.800,    72.800
  73.000,    73.000,    73.000,    73.000,    73.000
  73.200,    73.200,    73.200,    73.200,    73.200
  73.400,    73.400,    73.400,    73.400,    73.400
  73.600,    73.600,    73.600,    73.600,    73.600
  73.800,    73.800,    73.800,    73.800,    73.800
  74.000,    74.000,    74.000,    74.000,    74.000
  74.200,    74.200,    74.200,    74.200,    74.200
  74.400,    74.400,    74.400,    74.400,    74.400
  74.600,    74.600,    74.600,    74.600,    74.600
  74.800,    74.800,    74.800,    74.800,    74.800
  75.000,    75.000,    75.000,    75.000,    75.000
  75.200,    75.200,    75.200,    75.200,    75.200
  75.400,    75.400,    75.400,    75.400,    75.400
  75.600,    75.600,    75.600,    75.600,    75.600
  75.800,    75.800,    75.800,    75.800,    75.800
  76.000,    76.000,    76.000,    76.000,    76.000
  76.200,    76.200,    76.200,    76.200,    76.200
  76.400,    76.400,    76.400,    76.400,    76.400
  76.600,    76.600,    76.600,    76.600,    76.600
  76.800,    76.800,    76.800,    76.800,    76.800
  77.000,    77.000,    77.000,    77.000,    77.000
  77.200,    77.200,    77.200,    77.200,    77.200
  77.400,    77.400,    77.400,    77.400,    77.400
  77.600,    77.600,    77.600,    77.600,    77.600
  77.800,    77.800,    77.800,    77.800,    77.800
  78.000,    78.000,    78.000,    78.000,    78.000
  78.200,    78.200,    78.200,    78.200,    78.200
  78.400,    78.400,    78.400,    78.400,    78.400
  78.600,    78.600,    78.600,    78.600,    78.600
  78.800,    78.800,    78.800,    78.800,    78.800
  79.000,    79.000,    79.000,    79.000,    79.000
  79.200,    79.200,    79.200,    79.200,    79.200
  79.400,    79.400,    79.400,    79.400,    79.400
  79.600,    79.600,    79.600,    79.600,    79.600
  79.800,    79.800,    79.800,    79.800,    79.800
  80.000,    80.000,    80.000,    80.000,    80.000
  80.200,    80.200,    80.200,    80.200,    80.200
  80.400,    80.400,    80.400,    80.400,    80.400
  80.600,    80.600,    80.600,    80.600,    80.600
  80.800,    80.800,    80.800,    80.800,    80.800
  81.000,    81.000,    81.000,    81.000,    81.000
  81.200,    81.200,    81.200,    81.200,    81.200
  81.400,    81.400,    81.400,    81.400,    81.400
  81.600,    81.600,    81.600,    81.600,    81.600
  81.800,    81.800,    81.800,    81.800,    81.800
  82.000,    82.000,    82.000,    82.000,    82.000
  82.200,    82.200,    82.200,    82.200,    82.200
  82.400,    82.400,    82.400,    82.400,    82.400
  82.600,    82.600,    82.600,    82.600,    82.600
  82.800,    82.800,    82.800,    82.800,    82.800
  83.000,    83.000,    83.000,    83.000,    83.000
  83.200,    83.200,    83.200,    83.200,    83.200
  83.400,    83.400,    83.400,    83.400,    83.400
  83.600,    83.600,    83.600,    83.600,    83.600
  83.800,    83.800,    83.800,    83.800,    83.800
  84.000,    84.000,    84.000,    84.000,    84.000
  84.200,    84.200,    84.200,    84.200,    84.200
  84.400,    84.400,    84.400,    84.400,    84.400
  84.600,    84.600,    84.600,    84.600,    84.600
  84.800,    84.800,    84.800,    84.800,    84.800
  85.000,    85.000,    85.000,    85.000,    85.000
  85.200,    85.200,    85.200,    85.200,    85.200
  85.400,    85.400,    85.400,    85.400,    85.400
  85.600,    85.600,    85.600,    85.600,    85.600
  85.800,    85.800,    85.800,    85.800,    85.800
  86.000,    86.000,    86.000,    86.000,    86.000
  86.200,    86.200,    86.200,    86.200,    86.200
  86.400,    86.400,    86.400,    86.400,    86.400
  86.600,    86.600,    86.600,    86.600,    86.600
  86.800,    86.800,    86.800,    86.800,    86.800
  87.000,    87.000,    87.000,    87.000,    87.000
  87.200,    87.200,    87.200,    87.200,    87.200
  87.400,    87.400,    87.400,    87.400,    87.400
  87.600,    87.600,    87.600,    87.600,    87.600
  87.800,    87.800,    87.800,    87.800,    87.800
  88.000,    88.000,    88.000,    88.000,    88.000
  88.200,    88.200,    88.200,    88.200,    88.200
  88.400,    88.400,    88.400,    88.400,    88.400
  88.600,    88.600,    88.600,    88.600,    88.600
  88.800,    88.800,    88.800,    88.800,    88.800
  89.000,    89.000,    89.000,    89.000,    89.000
  89.200,    89.200,    89.200,    89.200,    89.200
  89.400,    89.400,    89.400,    89.400,    89.400
  89.600,    89.600,    89.600,    89.600,    89.600
  89.800,    89.800,    89.800,    89.800,    89.800
  90.000,    90.000,    90.000,    90.000,    90.000
  90.200,    90.200,    90.200,    90.200,    90.200
  90.400,    90.400,    90.400,    90.400,    90.400
  90.600,    90.600,    90.600,    90.600,    90.600
  90.800,    90.800,    90.800,    90.800,    90.800
  91.000,    91.000,    91.000,    91.000,    91.000
  91.200,    91.200,    91.200,    91.200,    91.200
  91.400,    91.400,    91.400,    91.400,    91.400
  91.600,    91.600,    91.600,    91.600,    91.600
  91.800,    91.800,    91.800,    91.800,    91.800
  92.000,    92.000,    92.000,    92.000,    92.000
  92.200,    92.200,    92.200,    92.200,    92.200
  92.400,    92.400,    92.400,    92.400,    92.400
  92.600,    92.600,    92.600,    92.600,    92.600
  92.800,    92.800,    92.800,    92.800,    92.800
  93.000,    93.000,    93.000,    93.000,    93.000
  93.200,    93.200,    93.200,    93.200,    93.200
  93.400,    93.400,    93.400,    93.400,    93.400
  93.600,    93.600,    93.600,    93.600,    93.600
  93.800,    93.800,    93.800,    93.800,    93.800
  94.000,    94.000,    94.000,    94.000,    94.000
  94.200,    94.200,    94.200,    94.200,    94.200
  94.400,    94.400,    94.400,    94.400,    94.400
  94.600,    94.600,    94.600,    94.600,    94.600
  94.800,    94.800,    94.800,    94.800,    94.800
  95.000,    95.000,    95.000,    95.000,    95.000
  95.200,    95.200,    95.200,    95.200,    95.200
  95.400,    95.400,    95.400,    95.400,    95.400
  95.600,    95.600,    95.600,    95.600,    95.600
  95.800,    95.800,    95.800,    95.800,    95.800
  96.000,    96.000,    96.000,    96.000,    96.000
  96.200,    96.200,    96.200,    96.200,    96.200
  96.400,    96.400,    96.400,    96.400,    96.400
  96.600,    96.600,    96.600,    96.600,    96.600
  96.800,    96.800,    96.800,    96.800,    96.800
  97.000,    97.000,    97.000,    97.000,    97.000
  97.200,    97.200,    97.200,    97.200,    97.200
  97.400,    97.400,    97.400,    97.400,    97.400
  97.600,    97.600,    97.600,    97.600,    97.600
  97.800,    97.800,    97.800,    97.800,    97.800
  98.000,    98.000,    98.000,    98.000,    98.000
  98.200,    98.200,    98.200,    98.200,    98.200
  98.400,    98.400,    98.400,    98.400,    98.400
  98.600,    98.600,    98.600,    98.600,    98.600
  98.800,    98.800,    98.800,    98.800,    98.800
  99.000,    99.000,    99.000,    99.000,    99.000
  99.200,    99.200,    99.200,    99.200,    99.200
  99.400,    99.400,    99.400,    99.400,    99.400
  99.600,    99.600,    99.600,    99.600,    99.600
  99.800,    99.800,    99.800,    99.800,    99.800
 100.000,   100.000,   100.000,   100.000,   100.000
 100.200,   100.200,   100.200,   100.200,   100.200
 100.400,   100.400,   100.400,   100.400,   100.400
 100.600,   100.600,   100.600,   100.600,   100.600
 100.800,   100.800,   100.800,   100.800,   100.800
 101.000,   101.000,   101.000,   101.000,   101.000
 101.200,   101.200,   101.200,   101.200,   101.200
 101.400,   101.400,   101.400,   101.400,   101.400
 101.600,   101.600,   101.600,   101.600,   101.600
 101.800,   101.800,   101.800,   101.800,   101.800
 102.000,   102.000,   102.000,   102.000,   102.000
 102.200,   102.200,   102.200,   102.200,   102.200
 102.400,   102.400,   102.400,   102.400,   102.400
 102.600,   102.600,   102.600,   102.600,   102.600
 102.800,   102.800,   102.800,   102.800,   102.800
 103.000,   103.000,   103.000,   103.000,   103.000
 103.200,   103.200,   103.200,   103.200,   103.200
 103.400,   103.400,   103.400,   103.400,   103.400
 103.600,   103.600,   103.600,   103.600,   103.600
 103.800,   103.800,   103.800,   103.800,   103.800
 104.000,   104.000,   104.000,   104.000,   104.000
 104.200,   104.200,   104.200,   104.200,   104.200
 104.400,   104.400,   104.400,   104.400,   104.400
 104.600,   104.600,   104.600,   104.600,   104.600
 104.800,   104.800,   104.800,   104.800,   104.800
 105.000,   105.000,   105.000,   105.000,   105.000
 105.200,   105.200,   105.200,   105.200,   105.200
 105.400,   105.400,   105.400,   105.400,   105.400
 105.600,   105.600,   105.600,   105.600,   105.600
 105.800,   105.800,   105.800,   105.800,   105.800
 106.000,   106.000,   106.000,   106.000,   106.000
 106.200,   106.200,   106.200,   106.200,   106.200
 106.400,   106.400,   106.400,   106.400,   106.400
 106.600,   106.600,   106.600,   106.600,   106.600
 106.800,   106.800,   106.800,   106.800,   106.800
 107.000,   107.000,   107.000,   107.000,   107.000
 107.200,   107.200,   107.200,   107.200,   107.200
 107.400,   107.400,   107.400,   107.400,   107.400
 107.600,   107.600,   107.600,   107.600,   107.600
 107.800,   107.800,   107.800,   107.800,   107.800
 108.000,   108.000,   108.000,   108.000,   108.000
 108.200,   108.200,   108.200,   108.200,   108.200
 108.400,   108.400,   108.400,   108.400,   108.400
 108.600,   108.600,   108.600,   108.600,   108.600
 108.800,   108.800,   108.800,   108.800,   108.800
 109.000,   109.000,   109.000,   109.000,   109.000
 109.200,   109.200,   109.200,   109.200,   109.200
 109.400,   109.400,   109.400,   109.400,   109.400
 109.600,   109.600,   109.600,   109.600,   109.600
 109.800,   109.800,   109.800,   109.800,   109.800
 110.000,   110.000,   110.000,   110.000,   110.000
 110.200,   110.200,   110.200,   110.200,   110.200
 110.400,   110.400,   110.400,   110.400,   110.400
 110.600,   110.600,   110.600,   110.600,   110.600
 110.800,   110.800,   110.800,   110.800,   110.800
 111.000,   111.000,   111.000,   111.000,   111.000
 111.200,   111.200,   111.200,   111.200,   111.200
 111.400,   111.400,   111.400,   111.400,   111.400
 111.600,   111.600,   111.600,   111.600,   111.600
 111.800,   111.800,   111.800,   111.800,   111.800
 112.000,   112.000,   112.000,   112.000,   112.000
 112.200,   112.200,   112.200,   112.200,   112.200
 112.400,   112.400,   112.400,   112.400,   112.400
 112.600,   112.600,   112.600,   112.600,   112.600
 112.800,   112.800,   112.800,   112.800,   112.800
 113.000,   113.000,   113.000,   113.000,   113.000
 113.200,   113.200,   113.200,   113.200,   113.200
 113.400,   113.400,   113.400,   113.400,   113.400
 113.600,   113.600,   113.600,   113.600,   113.600
 113.800,   113.800,   113.800,   113.800,   113.800
 114.000,   114.000,   114.000,   114.000,   114.000
 114.200,   114.200,   114.200,   114.200,   114.200
 114.400,   114.400,   114.400,   114.400,   114.400
 114.600,   114.600,   114.600,   114.600,   114.600
 114.800,   114.800,   114.800,   114.800,   114.800
 115.000,   115.000,   115.000,   115.000,   115.000
 115.200,   115.200,   115.200,   115.200,   115.200
 115.400,   115.400,   115.400,   115.400,   115.400
 115.600,   115.600,   115.600,   115.600,   115.600
 115.800,   115.800,   115.800,   115.800,   115.800
 116.000,   116.000,   116.000,   116.000,   116.000
 116.200,   116.200,   116.200,   116.200,   116.200
 116.400,   116.400,   116.400,   116.400,   116.400
 116.600,   116.600,   116.600,   116.600,   116.600
 116.800,   116.800,   116.800,   116.800,   116.800
 117.000,   117.000,   117.000,   117.000,   117.000
 117.200,   117.200,   117.200,   117.200,   117.200
 117.400,   117.400,   117.400,   117.400,   117.400
 117.600,   117.600,   117.600,   117.600,   117.600
 117.800,   117.800,   117.800,   117.800,   117.800
 118.000,   118.000,   118.000,   118.000,   118.000
 118.200,   118.200,   118.200,   118.200,   118.200
 118.400,   118.400,   118.400,   118.400,   118.400
 118.600,   118.600,   118.600,   118.600,   118.600
 118.800,   118.800,   118.800,   118.800,   118.800
 119.000,   119.000,   119.000,   119.000,   119.000
 119.200,   119.200,   119.200,   119.200,   119.200
 119.400,   119.400,   119.400,   119.400,   119.400
 119.600,   119.600,   119.600,   119.600,   119.600
 119.800,   119.800,   119.800,   119.800,   119.800
 120.000,   120.000,   120.000,   120.000,   120.000
 120.200,   120.200,   120.200,   120.200,   120.200
 120.400,   120.400,   120.400,   120.400,   120.400
 120.600,   120.600,   120.600,   120.600,   120.600
 120.800,   120.800,   120.800,   120.800,   120.800
 121.000,   121.000,   121.000,   121.000,   121.000
 121.200,   121.200,   121.200,   121.200,   121.200
 121.400,   121.400,   121.400,   121.400,   121.400
 121.600,   121.600,   121.600,   121.600,   121.600
 121.800,   121.800,   121.800,   121.800,   121.800
 122.000,   122.000,   122.000,   122.000,   122.000
 122.200,   122.200,   122.200,   122.200,   122.200
 122.400,   122.400,   122.400,   122.400,   122.400
 122.600,   122.600,   122.600,   122.600,   122.600
 122.800,   122.800,   122.800,   122.800,   122.800
 123.000,   123.000,   123.000,   123.000,   123.000
 123.200,   123.200,   123.200,   123.200,   123.200
 123.400,   123.400,   123.400,   123.400,   123.400
 123.600,   123.600,   123.600,   123.600,   123.600
 123.800,   123.800,   123.800,   123.800,   123.800
 124.000,   124.000,   124.000,   124.000,   124.000
 124.200,   124.200,   124.200,   124.200,   124.200
 124.400,   124.400,   124.400,   124.400,   124.400
 124.600,   124.600,   124.600,   124.600,   124.600
 124.800,   124.800,   124.800,   124.800,   124.800
 125.000,   125.000,   125.000,   125.000,   125.000
 125.200,   125.200,   125.200,   125.200,   125.200
 125.400,   125.400,   125.400,   125.400,   125.400
 125.600,   125.600,   125.600,   125.600,   125.600
 125.800,   125.800,   125.800,   125.800,   125.800
 126.000,   126.000,   126.000,   126.000,   126.000
 126.200,   126.200,   126.200,   126.200,   126.200
 126.400,   126.400,   126.400,   126.400,   126.400
 126.600,   126.600,   126.600,   126.600,   126.600
 126.800,   126.800,   126.800,   126.800,   126.800
 127.000,   127.000,   127.000,   127.000,   127.000
 127.200,   127.200,   127.200,   127.200,   127.200
 127.400,   127.400,   127.400,   127.400,   127.400
 127.600,   127.600,   127.600,   127.600,   127.600
 127.800,   127.800,   127.800,   127.800,   127.800
 128.000,   128.000,   128.000,   128.000,   128.000
 128.200,   128.200,   128.200,   128.200,   128.200
 128.400,   128.400,   128.400,   128.400,   128.400
 128.600,   128.600,   128.600,   128.600,   128.600
 128.800,   128.800,   128.800,   128.800,   128.800
 129.000,   129.000,   129.000,   129.000,   129.000
 129.200,   129.200,   129.200,   129.200,   129.200
 129.400,   129.400,   129.400,   129.400,   129.400
 129.600,   129.600,   129.600,   129.600,   129.600
 129.800,   129.800,   129.800,   129.800,   129.800
 130.000,   130.000,   130.000,   130.000,   130.000
 130.200,   130.200,   130.200,   130.200,   130.200
 130.400,   130.400,   130.400,   130.400,   130.400
 130.600,   130.600,   130.600,   130.600,   130.600
 130.800,   130.800,   130.800,   130.800,   130.800
 131.000,   131.000,   131.000,   131.000,   131.000
 131.200,   131.200,   131.200,   131.200,   131.200
 131.400,   131.400,   131.400,   131.400,   131.400
 131.600,   131.600,   131.600,   131.600,   131.600
 131.800,   131.800,   131.800,   131.800,   131.800
 132.000,   132.000,   132.000,   132.000,   132.000
 132.200,   132.200,   132.200,   132.200,   132.200
 132.400,   132.400,   132.400,   132.400,   132.400
 132.600,   132.600,   132.600,   132.600,   132.600
 132.800,   132.800,   132.800,   132.800,   132.800
 133.000,   133.000,   133.000,   133.000,   133.000
 133.200,   133.200,   133.200,   133.200,   133.200
 133.400,   133.400,   133.400,   133.400,   133.400
 133.600,   133.600,   133.600,   133.600,   133.600
 133.800,   133.800,   133.800,   133.800,   133.800
 134.000,   134.000,   134.000,   134.000,   134.000
 134.200,   134.200,   134.200,   134.200,   134.200
 134.400,   134.400,   134.400,   134.400,   134.400
 134.600,   134.600,   134.600,   134.600,   134.600
 134.800,   134.800,   134.800,   134.800,   134.800
 135.000,   135.000,   135.000,   135.000,   135.000
 135.200,   135.200,   135.200,   135.200,   135.200
 135.400,   135.400,   135.400,   135.400,   135.400
 135.600,   135.600,   135.600,   135.600,   135.600
 135.800,   135.800,   135.800,   135.800,   135.800
 136.000,   136.000,   136.000,   136.000,   136.000
 136.200,   136.200,   136.200,   136.200,   136.200
 136.400,   136.400,   136.400,   136.400,   136.400
 136.600,   136.600,   136.600,   136.600,   136.600
 136.800,   136.800,   136.800,   136.800,   136.800
 137.000,   137.000,   137.000,   137.000,   137.000
 137.200,   137.200,   137.200,   137.200,   137.200
 137.400,   137.400,   137.400,   137.400,   137.400
 137.600,   137.600,   137.600,   137.600,   137.600
 137.800,   137.800,   137.800,   137.800,   137.800
 138.000,   138.000,   138.000,   138.000,   138.000
 138.200,   138.200,   138.200,   138.200,   138.200
 138.400,   138.400,   138.400,   138.400,   138.400
 138.600,   138.600,   138.600,   138.600,   138.600
 138.800,   138.800,   138.800,   138.800,   138.800
 139.000,   139.000,   139.000,   139.000,   139.000
 139.200,   139.200,   139.200,   139.200,   139.200
 139.400,   139.400,   139.400,   139.400,   139.400
 139.600,   139.600,   139.600,   139.600,   139.600
 139.800,   139.800,   139.800,   139.800,   139.800
 140.000,   140.000,   140.000,   140.000,   140.000
 140.200,   140.200,   140.200,   140.200,   140.200
 140.400,   140.400,   140.400,   140.400,   140.400
 140.600,   140.600,   140.600,   140.600,   140.600
 140.800,   140.800,   140.800,   140.800,   140.800
 141.000,   141.000,   141.000,   141.000,   141.000
 141.200,   141.200,   141.200,   141.200,   141.200
 141.400,   141.400,   141.400,   141.400,   141.400
 141.600,   141.600,   141.600,   141.600,   141.600
 141.800,   141.800,   141.800,   141.800,   141.800
 142.000,   142.000,   142.000,   142.000,   142.000
 142.200,   142.200,   142.200,   142.200,   142.200
 142.400,   142.400,   142.400,   142.400,   142.400
 142.600,   142.600,   142.600,   142.600,   142.600
 142.800,   142.800,   142.800,   142.800,   142.800
 143.000,   143.000,   143.000,   143.000,   143.000
 143.200,   143.200,   143.200,   143.200,   143.200
 143.400,   143.400,   143.400,   143.400,   143.400
 143.600,   143.600,   143.600,   143.600,   143.600
 143.800,   143.800,   143.800,   143.800,   143.800
 144.000,   144.000,   144.000,   144.000,   144.000
 144.200,   144.200,   144.200,   144.200,   144.200
 144.400,   144.400,   144.400,   144.400,   144.400
 144.600,   144.600,   144.600,   144.600,   144.600
 144.800,   144.800,   144.800,   144.800,   144.800
 145.000,   145.000,   145.000,   145.000,   145.000
 145.200,   145.200,   145.200,   145.200,   145.200
 145.400,   145.400,   145.400,   145.400,   145.400
 145.600,   145.600,   145.600,   145.600,   145.600
 145.800,   145.800,   145.800,   145.800,   145.800
 146.000,   146.000,   146.000,   146.000,   146.000
 146.200,   146.200,   146.200,   146.200,   146.200
 146.400,   146.400,   146.400,   146.400,   146.400
 146.600,   146.600,   146.600,   146.600,   146.600
 146.800,   146.800,   146.800,   146.800,   146.800
 147.000,   147.000,   147.000,   147.000,   147.000
 147.200,   147.200,   147.200,   147.200,   147.200
 147.400,   147.400,   147.400,   147.400,   147.400
 147.600,   147.600,   147.600,   147.600,   147.600
 147.800,   147.800,   147.800,   147.800,   147.800
 148.000,   148.000,   148.000,   148.000,   148.000
 148.200,   148.200,   148.200,   148.200,   148.200
 148.400,   148.400,   148.400,   148.400,   148.400
 148.600,   148.600,   148.600,   148.600,   148.600
 148.800,   148.800,   148.800,   148.800,   148.800
 149.000,   149.000,   149.000,   149.000,   149.000
 149.200,   149.200,   149.200,   149.200,   149.200
 149.400,   149.400,   149.400,   149.400,   149.400
 149.600,   149.600,   149.600,   149.600,   149.600
 149.800,   149.800,   149.800,   149.800,   149.800
 150.000,   150.000,   150.000,   150.000,   150.000
 150.200,   150.200,   150.200,   150.200,   150.200
 150.400,   150.400,   150.400,   150.400,   150.400
 150.600,   150.600,   150.600,   150.600,   150.600
 150.800,   150.800,   150.800,   150.800,   150.800
 151.000,   151.000,   151.000,   151.000,   151.000
 151.200,   151.200,   151.200,   151.200,   151.200
 151.400,   151.400,   151.400,   151.400,   151.400
 151.600,   151.600,   151.600,   151.600,   151.600
 151.800,   151.800,   151.800,   151.800,   151.800
 152.000,   152.000,   152.000,   152.000,   152.000
 152.200,   152.200,   152.200,   152.200,   152.200
 152.400,   152.400,   152.400,   152.400,   152.400
 152.600,   152.600,   152.600,   152.600,   152.600
 152.800,   152.800,   152.800,   152.800,   152.800
 153.000,   153.000,   153.000,   153.000,   153.000
 153.200,   153.200,   153.200,   153.200,   153.200
 153.400,   153.400,   153.400,   153.400,   153.400
 153.600,   153.600,   153.600,   153.600,   153.600
 153.800,   153.800,   153.800,   153.800,   153.800
 154.000,   154.000,   154.000,   154.000,   154.000
 154.200,   154.200,   154.200,   154.200,   154.200
 154.400,   154.400,   154.400,   154.400,   154.400
 154.600,   154.600,   154.600,   154.600,   154.600
 154.800,   154.800,   154.800,   154.800,   154.800
 155.000,   155.000,   155.000,   155.000,   155.000
 155.200,   155.200,   155.200,   155.200,   155.200
 155.400,   155.400,   155.400,   155.400,   155.400
 155.600,   155.600,   155.600,   155.600,   155.600
 155.800,   155.800,   155.800,   155.800,   155.800
 156.000,   156.000,   156.000,   156.000,   156.000
 156.200,   156.200,   156.200,   156.200,   156.200
 156.400,   156.400,   156.400,   156.400,   156.400
 156.600,   156.600,   156.600,   156.600,   156.600
 156.800,   156.800,   156.800,   156.800,   156.800
 157.000,   157.000,   157.000,   157.000,   157.000
 157.200,   157.200,   157.200,   157.200,   157.200
 157.400,   157.400,   157.400,   157.400,   157.400
 157.600,   157.600,   157.600,   157.600,   157.600
 157.800,   157.800,   157.800,   157.800,   157.800
 158.000,   158.000,   158.000,   158.000,   158.000
 158.200,   158.200,   158.200,   158.200,   158.200
 158.400,   158.400,   158.400,   158.400,   158.400
 158.600,   158.600,   158.600,   158.600,   158.600
 158.800,   158.800,   158.800,   158.800,   158.800
 159.000,   159.000,   159.000,   159.000,   159.000
 159.200,   159.200,   159.200,   159.200,   159.200
 159.400,   159.400,   159.400,   159.400,   159.400
 159.600,   159.600,   159.600,   159.600,   159.600
 159.800,   159.800,   159.800,   159.800,   159.800
 160.000,   160.000,   160.000,   160.000,   160.000
 160.200,   160.200,   160.200,   160.200,   160.200
 160.400,   160.400,   160.400,   160.400,   160.400
 160.600,   160.600,   160.600,   160.600,   160.600
 160.800,   160.800,   160.800,   160.800,   160.800
 161.000,   161.000,   161.000,   161.000,   161.000
 161.200,   161.200,   161.200,   161.200,   161.200
 161.400,   161.400,   161.400,   161.400,   161.400
 161.600,   161.600,   161.600,   161.600,   161.600
 161.800,   161.800,   161.800,   161.800,   161.800
 162.000,   162.000,   162.000,   162.000,   162.000
 162.200,   162.200,   162.200,   162.200,   162.200
 162.400,   162.400,   162.400,   162.400,   162.400
 162.600,   162.600,   162.600,   162.600,   162.600
 162.800,   162.800,   162.800,   162.800,   162.800
 163.000,   163.000,   163.000,   163.000,   163.000
 163.200,   163.200,   163.200,   163.200,   163.200
 163.400,   163.400,   163.400,   163.400,   163.400
 163.600,   163.600,   163.600,   163.600,   163.600
 163.800,   163.800,   163.800,   163.800,   163.800
 164.000,   164.000,   164.000,   164.000,   164.000
 164.200,   164.200,   164.200,   164.200,   164.200
 164.400,   164.400,   164.400,   164.400,   164.400
 164.600,   164.600,   164.600,   164.600,   164.600
 164.800,   164.800,   164.800,   164.800,   164.800
 165.000,   165.000,   165.000,   165.000,   165.000
 165.200,   165.200,   165.200,   165.200,   165.200
 165.400,   165.400,   165.400,   165.400,   165.400
 165.600,   165.600,   165.600,   165.600,   165.600
 165.800,   165.800,   165.800,   165.800,   165.800
 166.000,   166.000,   166.000,   166.000,   166.000
 166.200,   166.200,   166.200,   166.200,   166.200
 166.400,   166.400,   166.400,   166.400,   166.400
 166.600,   166.600,   166.600,   166.600,   166.600
 166.800,   166.800,   166.800,   166.800,   166.800
 167.000,   167.000,   167.000,   167.000,   167.000
 167.200,   167.200,   167.200,   167.200,   167.200
 167.400,   167.400,   167.400,   167.400,   167.400
 167.600,   167.600,   167.600,   167.600,   167.600
 167.800,   167.800,   167.800,   167.800,   167.800
 168.000,   168.000,   168.000,   168.000,   168.000
 168.200,   168.200,   168.200,   168.200,   168.200
 168.400,   168.400,   168.400,   168.400,   168.400
 168.600,   168.600,   168.600,   168.600,   168.600
 168.800,   168.800,   168.800,   168.800,   168.800
 169.000,   169.000,   169.000,   169.000,   169.000
 169.200,   169.200,   169.200,   169.200,   169.200
 169.400,   169.400,   169.400,   169.400,   169.400
 169.600,   169.600,   169.600,   169.600,   169.600
 169.800,   169.800,   169.800,   169.800,   169.800
 170.000,   170.000,   170.000,   170.000,   170.000
 170.200,   170.200,   170.200,   170.200,   170.200
 170.400,   170.400,   170.400,   170.400,   170.400
 170.600,   170.600,   170.600,   170.600,   170.600
 170.800,   170.800,   170.800,   170.800,   170.800
 171.000,   171.000,   171.000,   171.000,   171.000
 171.200,   171.200,   171.200,   171.200,   171.200
 171.400,   171.400,   171.400,   171.400,   171.400
 171.600,   171.600,   171.600,   171.600,   171.600
 171.800,   171.800,   171.800,   171.800,   171.800
 172.000,   172.000,   172.000,   172.000,   172.000
 172.200,   172.200,   172.200,   172.200,   172.200
 172.400,   172.400,   172.400,   172.400,   172.400
 172.600,   172.600,   172.600,   172.600,   172.600
 172.800,   172.800,   172.800,   172.800,   172.800
 173.000,   173.000,   173.000,   173.000,   173.000
 173.200,   173.200,   173.200,   173.200,   173.200
 173.400,   173.400,   173.400,   173.400,   173.400
 173.600,   173.600,   173.600,   173.600,   173.600
 173.800,   173.800,   173.800,   173.800,   173.800
 174.000,   174.000,   174.000,   174.000,   174.000
 174.200,   174.200,   174.200,   174.200,   174.200
 174.400,   174.400,   174.400,   174.400,   174.400
 174.600,   174.600,   174.600,   174.600,   174.600
 174.800,   174.800,   174.800,   174.800,   174.800
 175.000,   175.000,   175.000,   175.000,   175.000
 175.200,   175.200,   175.200,   175.200,   175.200
 175.400,   175.400,   175.400,   175.400,   175.400
 175.600,   175.600,   175.600,   175.600,   175.600
 175.800,   175.800,   175.800,   175.800,   175.800
 176.000,   176.000,   176.000,   176.000,   176.000
 176.200,   176.200,   176.200,   176.200,   176.200
 176.400,   176.400,   176.400,   176.400,   176.400
 176.600,   176.600,   176.600,   176.600,   176.600
 176.800,   176.800,   176.800,   176.800,   176.800
 177.000,   177.000,   177.000,   177.000,   177.000
 177.200,   177.200,   177.200,   177.200,   177.200
 177.400,   177.400,   177.400,   177.400,   177.400
 177.600,   177.600,   177.600,   177.600,   177.600
 177.800,   177.800,   177.800,   177.800,   177.800
 178.000,   178.000,   178.000,   178.000,   178.000
 178.200,   178.200,   178.200,   178.200,   178.200
 178.400,   178.400,   178.400,   178.400,   178.400
 178.600,   178.600,   178.600,   178.600,   178.600
 178.800,   178.800,   178.800,   178.800,   178.800
 179.000,   179.000,   179.000,   179.000,   179.000
 179.200,   179.200,   179.200,   179.200,   179.200
 179.400,   179.400,   179.400,   179.400,   179.400
 179.600,   179.600,   179.600,   179.600,   179.600
 179.800,   179.800,   179.800,   179.800,   179.800
 180.000,   180.000,   180.000,   180.000,   180.000
 180.200,   180.200,   180.200,   180.200,   180.200
 180.400,   180.400,   180.400,   180.400,   180.400
 180.600,   180.600,   180.600,   180.600,   180.600
 180.800,   180.800,   180.800,   180.800,   180.800
 181.000,   181.000,   181.000,   181.000,   181.000
 181.200,   181.200,   181.200,   181.200,   181.200
 181.400,   181.400,   181.400,   181.400,   181.400
 181.600,   181.600,   181.600,   181.600,   181.600
 181.800,   181.800,   181.800,   181.800,   181.800
 182.000,   182.000,   182.000,   182.000,   182.000
 182.200,   182.200,   182.200,   182.200,   182.200
 182.400,   182.400,   182.400,   182.400,   182.400
 182.600,   182.600,   182.600,   182.600,   182.600
 182.800,   182.800,   182.800,   182.800,   182.800
 183.000,   183.000,   183.000,   183.000,   183.000
 183.200,   183.200,   183.200,   183.200,   183.200
 183.400,   183.400,   183.400,   183.400,   183.400
 183.600,   183.600,   183.600,   183.600,   183.600
 183.800,   183.800,   183.800,   183.800,   183.800
 184.000,   184.000,   184.000,   184.000,   184.000
 184.200,   184.200,   184.200,   184.200,   184.200
 184.400,   184.400,   184.400,   184.400,   184.400
 184.600,   184.600,   184.600,   184.600,   184.600
 184.800,   184.800,   184.800,   184.800,   184.800
 185.000,   185.000,   185.000,   185.000,   185.000
 185.200,   185.200,   185.200,   185.200,   185.200
 185.400,   185.400,   185.400,   185.400,   185.400
 185.600,   185.600,   185.600,   185.600,   185.600
 185.800,   185.800,   185.800,   185.800,   185.800
 186.000,   186.000,   186.000,   186.000,   186.000
 186.200,   186.200,   186.200,   186.200,   186.200
 186.400,   186.400,   186.400,   186.400,   186.400
 186.600,   186.600,   186.600,   186.600,   186.600
 186.800,   186.800,   186.800,   186.800,   186.800
 187.000,   187.000,   187.000,   187.000,   187.000
 187.200,   187.200,   187.200,   187.200,   187.200
 187.400,   187.400,   187.400,   187.400,   187.400
 187.600,   187.600,   187.600,   187.600,   187.600
 187.800,   187.800,   187.800,   187.800,   187.800
 188.000,   188.000,   188.000,   188.000,   188.000
 188.200,   188.200,   188.200,   188.200,   188.200
 188.400,   188.400,   188.400,   188.400,   188.400
 188.600,   188.600,   188.600,   188.600,   188.600
 188.800,   188.800,   188.800,   188.800,   188.800
 189.000,   189.000,   189.000,   189.000,   189.000
 189.200,   189.200,   189.200,   189.200,   189.200
 189.400,   189.400,   189.400,   189.400,   189.400
 189.600,   189.600,   189.600,   189.600,   189.600
 189.800,   189.800,   189.800,   189.800,   189.800
 190.000,   190.000,   190.000,   190.000,   190.000
 190.200,   190.200,   190.200,   190.200,   190.200
 190.400,   190.400,   190.400,   190.400,   190.400
 190.600,   190.600,   190.600,   190.600,   190.600
 190.800,   190.800,   190.800,   190.800,   190.800
 191.000,   191.000,   191.000,   191.000,   191.000
 191.200,   191.200,   191.200,   191.200,   191.200
 191.400,   191.400,   191.400,   191.400,   191.400
 191.600,   191.600,   191.600,   191.600,   191.600
 191.800,   191.800,   191.800,   191.800,   191.800
 192.000,   192.000,   192.000,   192.000,   192.000
 192.200,   192.200,   192.200,   192.200,   192.200
 192.400,   192.400,   192.400,   192.400,   192.400
 192.600,   192.600,   192.600,   192.600,   192.600
 192.800,   192.800,   192.800,   192.800,   192.800
 193.000,   193.000,   193.000,   193.000,   193.000
 193.200,   193.200,   193.200,   193.200,   193.200
 193.400,   193.400,   193.400,   193.400,   193.400
 193.600,   193.600,   193.600,   193.600,   193.600
 193.800,   193.800,   193.800,   193.800,   193.800
 194.000,   194.000,   194.000,   194.000,   194.000
 194.200,   194.200,   194.200,   194.200,   194.200
 194.400,   194.400,   194.400,   194.400,   194.400
 194.600,   194.600,   194.600,   194.600,   194.600
 194.800,   194.800,   194.800,   194.800,   194.800
 195.000,   195.000,   195.000,   195.000,   195.000
 195.200,   195.200,   195.200,   195.200,   195.200
 195.400,   195.400,   195.400,   195.400,   195.400
 195.600,   195.600,   195.600,   195.600,   195.600
 195.800,   195.800,   195.800,   195.800,   195.800
 196.000,   196.000,   196.000,   196.000,   196.000
 196.200,   196.200,   196.200,   196.200,   196.200
 196.400,   196.400,   196.400,   196.400,   196.400
 196.600,   196.600,   196.600,   196.600,   196.600
 196.800,   196.800,   196.800,   196.800,   196.800
 197.000,   197.000,   197.000,   197.000,   197.000
 197.200,   197.200,   197.200,   197.200,   197.200
 197.400,   197.400,   197.400,   197.400,   197.400
 197.600,   197.600,   197.600,   197.600,   197.600
 197.800,   197.800,   197.800,   197.800,   197.800
 198.000,   198.000,   198.000,   198.000,   198.000
 198.200,   198.200,   198.200,   198.200,   198.200
 198.400,   198.400,   198.400,   198.400,   198.400
 198.600,   198.600,   198.600,   198.600,   198.600
 198.800,   198.800,   198.800,   198.800,   198.800
 199.000,   199.000,   199.000,   199.000,   199.000
 199.200,   199.200,   199.200,   199.200,   199.200
 199.400,   199.400,   199.400,   199.400,   199.400
 199.600,   199.600,   199.600,   199.600,   199.600
 199.800,   199.800,   199.800,   199.800,   199.800
 200.000,   200.000,   200.000,   200.000,   200.000
 200.200,   200.200,   200.200,   200.200,   200.200
 200.400,   200.400,   200.400,   200.400,   200.400
 200.600,   200.600,   200.600,   200.600,   200.600
 200.800,   200.800,   200.800,   200.800,   200.800
 201.000,   201.000,   201.000,   201.000,   201.000
 201.200,   201.200,   201.200,   201.200,   201.200
 201.400,   201.400,   201.400,   201.400,   201.400
 201.600,   201.600,   201.600,   201.600,   201.600
 201.800,   201.800,   201.800,   201.800,   201.800
 202.000,   202.000,   202.000,   202.000,   202.000
 202.200,   202.200,   202.200,   202.200,   202.200
 202.400,   202.400,   202.400,   202.400,   202.400
 202.600,   202.600,   202.600,   202.600,   202.600
 202.800,   202.800,   202.800,   202.800,   202.800
 203.000,   203.000,   203.000,   203.000,   203.000
 203.200,   203.200,   203.200,   203.200,   203.200
 203.400,   203.400,   203.400,   203.400,   203.400
 203.600,   203.600,   203.600,   203.600,   203.600
 203.800,   203.800,   203.800,   203.800,   203.800
 204.000,   204.000,   204.000,   204.000,   204.000
 204.200,   204.200,   204.200,   204.200,   204.200
 204.400,   204.400,   204.400,   204.400,   204.400
 204.600,   204.600,   204.600,   204.600,   204.600
