2018 Testbeam Scan5 timing data
 Module1    Module2    Module3    Module4    Module5
   1.247,     1.916,     1.603,    -8.330,    -2.458
   2.240,     2.909,     2.596,    -7.337,    -1.465
   3.233,     3.902,     3.589,    -6.345,    -0.472
   4.226,     4.895,     4.582,    -5.352,     0.521
   5.218,     5.888,     5.575,    -4.359,     1.514
   6.211,     6.880,     6.568,    -3.366,     2.506
   7.204,     7.873,     7.561,    -2.373,     3.499
   8.197,     8.866,     8.553,    -1.380,     4.492
   9.190,     9.859,     9.546,    -0.388,     5.485
  10.182,    10.852,    10.539,     0.605,     6.478
  11.175,    11.845,    11.532,     1.598,     7.471
  12.168,    12.838,    12.525,     2.591,     8.463
  13.161,    13.830,    13.518,     3.584,     9.456
  14.154,    14.823,    14.510,     4.577,    10.449
  15.147,    15.816,    15.503,     5.569,    11.442
  16.140,    16.809,    16.496,     6.562,    12.435
  17.132,    17.802,    17.489,     7.555,    13.428
  18.125,    18.794,    18.482,     8.548,    14.421
  19.118,    19.787,    19.475,     9.541,    15.413
  20.111,    20.780,    20.468,    10.534,    16.406
  21.104,    21.773,    21.460,    11.527,    17.399
  22.097,    22.766,    22.453,    12.519,    18.392
  23.089,    23.759,    23.446,    13.512,    19.385
  24.082,    24.752,    24.439,    14.505,    20.378
  25.075,    25.744,    25.432,    15.498,    21.370
  26.068,    26.737,    26.424,    16.491,    22.363
  27.061,    27.730,    27.417,    17.484,    23.356
  28.054,    28.723,    28.410,    18.476,    24.349
  29.047,    29.716,    29.403,    19.469,    25.342
  30.039,    30.709,    30.396,    20.462,    26.335
  31.032,    31.701,    31.389,    21.455,    27.328
  32.025,    32.694,    32.382,    22.448,    28.320
  33.018,    33.687,    33.374,    23.441,    29.313
  34.011,    34.680,    34.367,    24.433,    30.306
  35.004,    35.673,    35.360,    25.426,    31.299
  35.996,    36.666,    36.353,    26.419,    32.292
  36.989,    37.658,    37.346,    27.412,    33.285
  37.982,    38.651,    38.339,    28.405,    34.277
  38.975,    39.644,    39.331,    29.398,    35.270
  39.968,    40.637,    40.324,    30.390,    36.263
  40.961,    41.630,    41.317,    31.383,    37.256
  41.953,    42.623,    42.310,    32.376,    38.249
  42.946,    43.615,    43.303,    33.369,    39.242
  43.939,    44.608,    44.296,    34.362,    40.234
  44.932,    45.601,    45.288,    35.355,    41.227
  45.925,    46.594,    46.281,    36.347,    42.220
  46.918,    47.587,    47.274,    37.340,    43.213
  47.910,    48.580,    48.267,    38.333,    44.206
  48.903,    49.572,    49.260,    39.326,    45.199
  49.896,    50.565,    50.253,    40.319,    46.191
  50.889,    51.558,    51.245,    41.312,    47.184
  51.882,    52.551,    52.238,    42.305,    48.177
  52.875,    53.544,    53.231,    43.297,    49.170
  53.867,    54.537,    54.224,    44.290,    50.163
  54.860,    55.529,    55.217,    45.283,    51.156
  55.853,    56.522,    56.210,    46.276,    52.148
  56.846,    57.515,    57.203,    47.269,    53.141
  57.839,    58.508,    58.195,    48.262,    54.134
  58.832,    59.501,    59.188,    49.254,    55.127
  59.825,    60.494,    60.181,    50.247,    56.120
  60.817,    61.487,    61.174,    51.240,    57.113
  61.810,    62.479,    62.167,    52.233,    58.105
  62.803,    63.472,    63.160,    53.226,    59.098
  63.796,    64.465,    64.152,    54.219,    60.091
  64.789,    65.458,    65.145,    55.212,    61.084
  65.781,    66.451,    66.138,    56.204,    62.077
  66.774,    67.444,    67.131,    57.197,    63.070
  67.767,    68.436,    68.124,    58.190,    64.062
  68.760,    69.429,    69.117,    59.183,    65.055
  69.753,    70.422,    70.109,    60.176,    66.048
  70.746,    71.415,    71.102,    61.169,    67.041
  71.739,    72.408,    72.095,    62.161,    68.034
  72.731,    73.401,    73.088,    63.154,    69.027
  73.724,    74.394,    74.081,    64.147,    70.019
  74.717,    75.386,    75.074,    65.140,    71.012
  75.710,    76.379,    76.066,    66.133,    72.005
  76.703,    77.372,    77.059,    67.126,    72.998
  77.696,    78.365,    78.052,    68.118,    73.991
  78.688,    79.358,    79.045,    69.111,    74.984
  79.681,    80.350,    80.038,    70.104,    75.977
  80.674,    81.343,    81.031,    71.097,    76.969
  81.667,    82.336,    82.023,    72.090,    77.962
  82.660,    83.329,    83.016,    73.083,    78.955
  83.653,    84.322,    84.009,    74.075,    79.948
  84.645,    85.315,    85.002,    75.068,    80.941
  85.638,    86.308,    85.995,    76.061,    81.934
  86.631,    87.300,    86.988,    77.054,    82.926
  87.624,    88.293,    87.981,    78.047,    83.919
  88.617,    89.286,    88.973,    79.040,    84.912
  89.610,    90.279,    89.966,    80.032,    85.905
  90.603,    91.272,    90.959,    81.025,    86.898
  91.595,    92.265,    91.952,    82.018,    87.891
  92.588,    93.257,    92.945,    83.011,    88.883
  93.581,    94.250,    93.938,    84.004,    89.876
  94.574,    95.243,    94.930,    84.997,    90.869
  95.567,    96.236,    95.923,    85.990,    91.862
  96.559,    97.229,    96.916,    86.982,    92.855
  97.552,    98.222,    97.909,    87.975,    93.848
  98.545,    99.214,    98.902,    88.968,    94.841
  99.538,   100.207,    99.894,    89.961,    95.833
 100.531,   101.200,   100.887,    90.954,    96.826
 101.524,   102.193,   101.880,    91.947,    97.819
 102.516,   103.186,   102.873,    92.939,    98.812
 103.509,   104.179,   103.866,    93.932,    99.805
 104.502,   105.171,   104.859,    94.925,   100.797
 105.495,   106.164,   105.852,    95.918,   101.790
 106.488,   107.157,   106.844,    96.911,   102.783
 107.481,   108.150,   107.837,    97.903,   103.776
 108.474,   109.143,   108.830,    98.896,   104.769
 109.466,   110.136,   109.823,    99.889,   105.762
 110.459,   111.128,   110.816,   100.882,   106.755
 111.452,   112.121,   111.809,   101.875,   107.747
 112.445,   113.114,   112.801,   102.868,   108.740
 113.438,   114.107,   113.794,   103.860,   109.733
 114.431,   115.100,   114.787,   104.853,   110.726
 115.423,   116.093,   115.780,   105.846,   111.719
 116.416,   117.085,   116.773,   106.839,   112.712
 117.409,   118.078,   117.766,   107.832,   113.704
 118.402,   119.071,   118.758,   108.825,   114.697
 119.395,   120.064,   119.751,   109.818,   115.690
 120.388,   121.057,   120.744,   110.810,   116.683
 121.380,   122.050,   121.737,   111.803,   117.676
 122.373,   123.043,   122.730,   112.796,   118.669
 123.366,   124.035,   123.723,   113.789,   119.661
 124.359,   125.028,   124.715,   114.782,   120.654
 125.352,   126.021,   125.708,   115.774,   121.647
 126.345,   127.014,   126.701,   116.767,   122.640
 127.337,   128.007,   127.694,   117.760,   123.633
 128.330,   128.999,   128.687,   118.753,   124.626
 129.323,   129.992,   129.680,   119.746,   125.618
 130.316,   130.985,   130.672,   120.739,   126.611
 131.309,   131.978,   131.665,   121.731,   127.604
 132.302,   132.971,   132.658,   122.724,   128.597
 133.294,   133.964,   133.651,   123.717,   129.590
 134.287,   134.956,   134.644,   124.710,   130.583
 135.280,   135.949,   135.637,   125.703,   131.575
 136.273,   136.942,   136.630,   126.696,   132.568
 137.266,   137.935,   137.622,   127.689,   133.561
 138.259,   138.928,   138.615,   128.681,   134.554
 139.251,   139.921,   139.608,   129.674,   135.547
 140.244,   140.914,   140.601,   130.667,   136.540
 141.237,   141.906,   141.594,   131.660,   137.533
 142.230,   142.899,   142.587,   132.653,   138.525
 143.223,   143.892,   143.579,   133.646,   139.518
 144.216,   144.885,   144.572,   134.638,   140.511
 145.208,   145.878,   145.565,   135.631,   141.504
 146.201,   146.871,   146.558,   136.624,   142.497
 147.194,   147.863,   147.551,   137.617,   143.490
 148.187,   148.856,   148.544,   138.610,   144.482
 149.180,   149.849,   149.536,   139.603,   145.475
 150.173,   150.842,   150.529,   140.596,   146.468
 151.165,   151.835,   151.522,   141.588,   147.461
 152.158,   152.828,   152.515,   142.581,   148.454
 153.151,   153.821,   153.508,   143.574,   149.447
 154.144,   154.813,   154.501,   144.567,   150.439
 155.137,   155.806,   155.493,   145.560,   151.432
 156.130,   156.799,   156.486,   146.553,   152.425
 157.123,   157.792,   157.479,   147.545,   153.418
 158.115,   158.785,   158.472,   148.538,   154.411
 159.108,   159.778,   159.465,   149.531,   155.404
 160.101,   160.770,   160.458,   150.524,   156.396
 161.094,   161.763,   161.450,   151.517,   157.389
 162.087,   162.756,   162.443,   152.510,   158.382
 163.080,   163.749,   163.436,   153.502,   159.375
 164.072,   164.742,   164.429,   154.495,   160.368
 165.065,   165.735,   165.422,   155.488,   161.361
 166.058,   166.727,   166.415,   156.481,   162.353
 167.051,   167.720,   167.408,   157.474,   163.346
 168.044,   168.713,   168.400,   158.467,   164.339
 169.037,   169.706,   169.393,   159.459,   165.332
 170.029,   170.699,   170.386,   160.452,   166.325
 171.022,   171.692,   171.379,   161.445,   167.318
 172.015,   172.684,   172.372,   162.438,   168.310
 173.008,   173.677,   173.365,   163.431,   169.303
 174.001,   174.670,   174.357,   164.424,   170.296
 174.994,   175.663,   175.350,   165.416,   171.289
 175.986,   176.656,   176.343,   166.409,   172.282
 176.979,   177.649,   177.336,   167.402,   173.275
 177.972,   178.641,   178.329,   168.395,   174.268
 178.965,   179.634,   179.322,   169.388,   175.260
 179.958,   180.627,   180.314,   170.381,   176.253
 180.951,   181.620,   181.307,   171.374,   177.246
 181.943,   182.613,   182.300,   172.366,   178.239
 182.936,   183.606,   183.293,   173.359,   179.232
 183.929,   184.599,   184.286,   174.352,   180.225
 184.922,   185.591,   185.279,   175.345,   181.217
 185.915,   186.584,   186.271,   176.338,   182.210
 186.908,   187.577,   187.264,   177.331,   183.203
 187.900,   188.570,   188.257,   178.323,   184.196
 188.893,   189.563,   189.250,   179.316,   185.189
 189.886,   190.556,   190.243,   180.309,   186.182
 190.879,   191.548,   191.236,   181.302,   187.174
 191.872,   192.541,   192.228,   182.295,   188.167
 192.865,   193.534,   193.221,   183.288,   189.160
 193.858,   194.527,   194.214,   184.280,   190.153
 194.850,   195.520,   195.207,   185.273,   191.146
 195.843,   196.513,   196.200,   186.266,   192.139
 196.836,   197.505,   197.193,   187.259,   193.131
 197.829,   198.498,   198.186,   188.252,   194.124
 198.822,   199.491,   199.178,   189.245,   195.117
 199.815,   200.484,   200.171,   190.237,   196.110
 200.807,   201.477,   201.164,   191.230,   197.103
 201.800,   202.470,   202.157,   192.223,   198.096
 202.793,   203.462,   203.150,   193.216,   199.088
 203.786,   204.455,   204.143,   194.209,   200.081
 204.779,   205.448,   205.135,   195.202,   201.074
 205.772,   206.441,   206.128,   196.194,   202.067
 206.765,   207.434,   207.121,   197.187,   203.060
 207.757,   208.427,   208.114,   198.180,   204.053
 208.750,   209.419,   209.107,   199.173,   205.046
 209.743,   210.412,   210.100,   200.166,   206.038
 210.736,   211.405,   211.092,   201.159,   207.031
 211.729,   212.398,   212.085,   202.152,   208.024
 212.722,   213.391,   213.078,   203.144,   209.017
 213.714,   214.384,   214.071,   204.137,   210.010
 214.707,   215.377,   215.064,   205.130,   211.003
 215.700,   216.369,   216.057,   206.123,   211.995
 216.693,   217.362,   217.049,   207.116,   212.988
 217.686,   218.355,   218.042,   208.109,   213.981
 218.679,   219.348,   219.035,   209.101,   214.974
 219.671,   220.341,   220.028,   210.094,   215.967
 220.664,   221.334,   221.021,   211.087,   216.960
 221.657,   222.326,   222.014,   212.080,   217.952
 222.650,   223.319,   223.006,   213.073,   218.945
 223.643,   224.312,   223.999,   214.066,   219.938
 224.636,   225.305,   224.992,   215.058,   220.931
 225.628,   226.298,   225.985,   216.051,   221.924
 226.621,   227.291,   226.978,   217.044,   222.917
 227.614,   228.283,   227.971,   218.037,   223.909
 228.607,   229.276,   228.964,   219.030,   224.902
 229.600,   230.269,   229.956,   220.023,   225.895
 230.593,   231.262,   230.949,   221.015,   226.888
 231.585,   232.255,   231.942,   222.008,   227.881
 232.578,   233.248,   232.935,   223.001,   228.874
 233.571,   234.240,   233.928,   223.994,   229.866
 234.564,   235.233,   234.921,   224.987,   230.859
 235.557,   236.226,   235.913,   225.980,   231.852
 236.550,   237.219,   236.906,   226.972,   232.845
 237.543,   238.212,   237.899,   227.965,   233.838
 238.535,   239.205,   238.892,   228.958,   234.831
 239.528,   240.197,   239.885,   229.951,   235.824
 240.521,   241.190,   240.878,   230.944,   236.816
 241.514,   242.183,   241.870,   231.937,   237.809
 242.507,   243.176,   242.863,   232.930,   238.802
 243.500,   244.169,   243.856,   233.922,   239.795
 244.492,   245.162,   244.849,   234.915,   240.788
 245.485,   246.154,   245.842,   235.908,   241.781
 246.478,   247.147,   246.835,   236.901,   242.773
 247.471,   248.140,   247.827,   237.894,   243.766
 248.464,   249.133,   248.820,   238.887,   244.759
 249.457,   250.126,   249.813,   239.879,   245.752
 250.449,   251.119,   250.806,   240.872,   246.745
 251.442,   252.112,   251.799,   241.865,   247.738
 252.435,   253.104,   252.792,   242.858,   248.730
 253.428,   254.097,   253.784,   243.851,   249.723
 254.421,   255.090,   254.777,   244.844,   250.716
 255.414,   256.083,   255.770,   245.836,   251.709
 256.406,   257.076,   256.763,   246.829,   252.702
 257.399,   258.069,   257.756,   247.822,   253.695
 258.392,   259.061,   258.749,   248.815,   254.687
 259.385,   260.054,   259.742,   249.808,   255.680
 260.378,   261.047,   260.734,   250.801,   256.673
 261.371,   262.040,   261.727,   251.793,   257.666
 262.363,   263.033,   262.720,   252.786,   258.659
 263.356,   264.026,   263.713,   253.779,   259.652
 264.349,   265.018,   264.706,   254.772,   260.644
 265.342,   266.011,   265.698,   255.765,   261.637
 266.335,   267.004,   266.691,   256.758,   262.630
 267.328,   267.997,   267.684,   257.750,   263.623
 268.320,   268.990,   268.677,   258.743,   264.616
 269.313,   269.983,   269.670,   259.736,   265.609
 270.306,   270.975,   270.663,   260.729,   266.601
 271.299,   271.968,   271.655,   261.722,   267.594
 272.292,   272.961,   272.648,   262.715,   268.587
 273.285,   273.954,   273.641,   263.707,   269.580
 274.277,   274.947,   274.634,   264.700,   270.573
 275.270,   275.940,   275.627,   265.693,   271.566
 276.263,   276.932,   276.620,   266.686,   272.558
 277.256,   277.925,   277.612,   267.679,   273.551
 278.249,   278.918,   278.605,   268.672,   274.544
 279.242,   279.911,   279.598,   269.664,   275.537
 280.234,   280.904,   280.591,   270.657,   276.530
 281.227,   281.897,   281.584,   271.650,   277.523
 282.220,   282.889,   282.577,   272.643,   278.515
 283.213,   283.882,   283.569,   273.636,   279.508
 284.206,   284.875,   284.562,   274.629,   280.501
 285.199,   285.868,   285.555,   275.621,   281.494
 286.191,   286.861,   286.548,   276.614,   282.487
 287.184,   287.854,   287.541,   277.607,   283.480
 288.177,   288.846,   288.534,   278.600,   284.472
 289.170,   289.839,   289.526,   279.593,   285.465
 290.163,   290.832,   290.519,   280.586,   286.458
 291.156,   291.825,   291.512,   281.578,   287.451
 292.148,   292.818,   292.505,   282.571,   288.444
 293.141,   293.811,   293.498,   283.564,   289.437
 294.134,   294.803,   294.491,   284.557,   290.429
 295.127,   295.796,   295.483,   285.550,   291.422
 296.120,   296.789,   296.476,   286.543,   292.415
 297.113,   297.782,   297.469,   287.535,   293.408
 298.105,   298.775,   298.462,   288.528,   294.401
 299.098,   299.768,   299.455,   289.521,   295.394
 300.091,   300.760,   300.448,   290.514,   296.386
 301.084,   301.753,   301.440,   291.507,   297.379
 302.077,   302.746,   302.433,   292.500,   298.372
 303.070,   303.739,   303.426,   293.492,   299.365
 304.062,   304.732,   304.419,   294.485,   300.358
 305.055,   305.725,   305.412,   295.478,   301.351
 306.048,   306.717,   306.405,   296.471,   302.343
 307.041,   307.710,   307.397,   297.464,   303.336
 308.034,   308.703,   308.390,   298.457,   304.329
 309.027,   309.696,   309.383,   299.449,   305.322
 310.019,   310.689,   310.376,   300.442,   306.315
 311.012,   311.682,   311.369,   301.435,   307.308
 312.005,   312.674,   312.362,   302.428,   308.300
 312.998,   313.667,   313.354,   303.421,   309.293
 313.991,   314.660,   314.347,   304.414,   310.286
 314.984,   315.653,   315.340,   305.406,   311.279
 315.976,   316.646,   316.333,   306.399,   312.272
 316.969,   317.639,   317.326,   307.392,   313.265
 317.962,   318.631,   318.319,   308.385,   314.257
 318.955,   319.624,   319.311,   309.378,   315.250
 319.948,   320.617,   320.304,   310.371,   316.243
 320.941,   321.610,   321.297,   311.363,   317.236
 321.934,   322.603,   322.290,   312.356,   318.229
 322.926,   323.596,   323.283,   313.349,   319.222
 323.919,   324.588,   324.276,   314.342,   320.214
 324.912,   325.581,   325.268,   315.335,   321.207
 325.905,   326.574,   326.261,   316.328,   322.200
 326.898,   327.567,   327.254,   317.320,   323.193
 327.890,   328.560,   328.247,   318.313,   324.186
 328.883,   329.553,   329.240,   319.306,   325.179
 329.876,   330.545,   330.233,   320.299,   326.171
 330.869,   331.538,   331.225,   321.292,   327.164
 331.862,   332.531,   332.218,   322.285,   328.157
 332.855,   333.524,   333.211,   323.277,   329.150
 333.847,   334.517,   334.204,   324.270,   330.143
 334.840,   335.510,   335.197,   325.263,   331.136
 335.833,   336.502,   336.190,   326.256,   332.128
 336.826,   337.495,   337.182,   327.249,   333.121
 337.819,   338.488,   338.175,   328.242,   334.114
 338.812,   339.481,   339.168,   329.234,   335.107
 339.804,   340.474,   340.161,   330.227,   336.100
 340.797,   341.466,   341.154,   331.220,   337.093
 341.790,   342.459,   342.147,   332.213,   338.085
 342.783,   343.452,   343.139,   333.206,   339.078
 343.776,   344.445,   344.132,   334.199,   340.071
 344.769,   345.438,   345.125,   335.191,   341.064
 345.761,   346.431,   346.118,   336.184,   342.057
 346.754,   347.424,   347.111,   337.177,   343.050
 347.747,   348.416,   348.104,   338.170,   344.042
 348.740,   349.409,   349.096,   339.163,   345.035
 349.733,   350.402,   350.089,   340.156,   346.028
 350.726,   351.395,   351.082,   341.148,   347.021
 351.718,   352.388,   352.075,   342.141,   348.014
 352.711,   353.381,   353.068,   343.134,   349.007
 353.704,   354.373,   354.061,   344.127,   349.999
 354.697,   355.366,   355.053,   345.120,   350.992
 355.690,   356.359,   356.046,   346.113,   351.985
 356.683,   357.352,   357.039,   347.105,   352.978
 357.675,   358.345,   358.032,   348.098,   353.971
 358.668,   359.337,   359.025,   349.091,   354.964
 359.661,   360.330,   360.018,   350.084,   355.956
 360.654,   361.323,   361.010,   351.077,   356.949
 361.647,   362.316,   362.003,   352.070,   357.942
 362.640,   363.309,   362.996,   353.062,   358.935
 363.632,   364.302,   363.989,   354.055,   359.928
 364.625,   365.295,   364.982,   355.048,   360.921
 365.618,   366.287,   365.975,   356.041,   361.913
 366.611,   367.280,   366.967,   357.034,   362.906
 367.604,   368.273,   367.960,   358.027,   363.899
 368.597,   369.266,   368.953,   359.019,   364.892
 369.589,   370.259,   369.946,   360.012,   365.885
 370.582,   371.252,   370.939,   361.005,   366.878
 371.575,   372.244,   371.932,   361.998,   367.870
 372.568,   373.237,   372.924,   362.991,   368.863
 373.561,   374.230,   373.917,   363.984,   369.856
 374.554,   375.223,   374.910,   364.976,   370.849
 375.546,   376.216,   375.903,   365.969,   371.842
 376.539,   377.208,   376.896,   366.962,   372.835
 377.532,   378.201,   377.889,   367.955,   373.827
 378.525,   379.194,   378.881,   368.948,   374.820
 379.518,   380.187,   379.874,   369.941,   375.813
 380.511,   381.180,   380.867,   370.933,   376.806
 381.503,   382.173,   381.860,   371.926,   377.799
 382.496,   383.166,   382.853,   372.919,   378.792
 383.489,   384.158,   383.846,   373.912,   379.784
 384.482,   385.151,   384.838,   374.905,   380.777
 385.475,   386.144,   385.831,   375.898,   381.770
 386.468,   387.137,   386.824,   376.890,   382.763
 387.460,   388.130,   387.817,   377.883,   383.756
 388.453,   389.123,   388.810,   378.876,   384.749
 389.446,   390.115,   389.803,   379.869,   385.741
 390.439,   391.108,   390.795,   380.862,   386.734
 391.432,   392.101,   391.788,   381.855,   387.727
 392.425,   393.094,   392.781,   382.847,   388.720
 393.417,   394.087,   393.774,   383.840,   389.713
 394.410,   395.079,   394.767,   384.833,   390.706
 395.403,   396.072,   395.760,   385.826,   391.698
 396.396,   397.065,   396.752,   386.819,   392.691
 397.389,   398.058,   397.745,   387.812,   393.684
 398.382,   399.051,   398.738,   388.804,   394.677
 399.374,   400.044,   399.731,   389.797,   395.670
 400.367,   401.037,   400.724,   390.790,   396.663
 401.360,   402.029,   401.717,   391.783,   397.655
 402.353,   403.022,   402.709,   392.776,   398.648
 403.346,   404.015,   403.702,   393.769,   399.641
 404.339,   405.008,   404.695,   394.761,   400.634
 405.331,   406.001,   405.688,   395.754,   401.627
 406.324,   406.994,   406.681,   396.747,   402.620
 407.317,   407.986,   407.674,   397.740,   403.612
 408.310,   408.979,   408.666,   398.733,   404.605
 409.303,   409.972,   409.659,   399.726,   405.598
 410.296,   410.965,   410.652,   400.718,   406.591
 411.288,   411.958,   411.645,   401.711,   407.584
 412.281,   412.951,   412.638,   402.704,   408.577
 413.274,   413.943,   413.631,   403.697,   409.569
 414.267,   414.936,   414.623,   404.690,   410.562
 415.260,   415.929,   415.616,   405.683,   411.555
 416.253,   416.922,   416.609,   406.675,   412.548
 417.245,   417.915,   417.602,   407.668,   413.541
 418.238,   418.908,   418.595,   408.661,   414.534
 419.231,   419.900,   419.588,   409.654,   415.526
 420.224,   420.893,   420.580,   410.647,   416.519
 421.217,   421.886,   421.573,   411.640,   417.512
 422.210,   422.879,   422.566,   412.632,   418.505
 423.202,   423.872,   423.559,   413.625,   419.498
 424.195,   424.865,   424.552,   414.618,   420.491
 425.188,   425.857,   425.545,   415.611,   421.483
 426.181,   426.850,   426.537,   416.604,   422.476
 427.174,   427.843,   427.530,   417.597,   423.469
 428.167,   428.836,   428.523,   418.589,   424.462
 429.159,   429.829,   429.516,   419.582,   425.455
 430.152,   430.822,   430.509,   420.575,   426.448
 431.145,   431.814,   431.502,   421.568,   427.440
 432.138,   432.807,   432.494,   422.561,   428.433
 433.131,   433.800,   433.487,   423.554,   429.426
 434.124,   434.793,   434.480,   424.546,   430.419
 435.116,   435.786,   435.473,   425.539,   431.412
 436.109,   436.778,   436.466,   426.532,   432.405
 437.102,   437.771,   437.459,   427.525,   433.397
 438.095,   438.764,   438.451,   428.518,   434.390
 439.088,   439.757,   439.444,   429.511,   435.383
 440.081,   440.750,   440.480,   430.503,   436.376
 441.073,   441.743,   441.384,   431.496,   437.369
 441.596,   442.736,   441.936,   432.489,   438.362
 442.781,   443.728,   443.032,   433.482,   439.354
 444.099,   444.721,   443.862,   434.475,   440.347
 445.074,   445.714,   445.089,   435.468,   441.340
 445.841,   446.707,   446.132,   436.460,   442.333
 446.956,   447.700,   447.135,   437.453,   443.326
 448.313,   448.693,   448.322,   438.446,   444.319
 448.787,   449.685,   449.071,   439.439,   445.311
 449.926,   451.045,   449.614,   440.432,   446.304
 450.681,   451.711,   450.745,   441.425,   447.297
 451.706,   452.920,   451.939,   442.417,   448.290
 453.095,   454.082,   453.093,   443.410,   449.283
 453.741,   454.892,   454.240,   444.403,   450.276
 454.612,   455.824,   455.030,   445.396,   451.268
 455.715,   456.390,   455.827,   446.389,   452.261
 456.780,   457.614,   456.907,   447.382,   453.254
 457.744,   458.405,   457.916,   448.374,   454.247
 458.853,   459.729,   459.005,   449.367,   455.240
 459.668,   460.739,   459.758,   450.360,   456.233
 460.737,   461.558,   460.587,   451.353,   457.225
 461.761,   462.380,   461.899,   452.346,   458.218
 462.730,   463.394,   463.135,   453.339,   459.211
 463.399,   464.453,   463.682,   454.331,   460.204
 464.868,   465.120,   464.844,   455.324,   461.197
 465.372,   466.604,   465.464,   456.317,   462.190
 466.826,   467.203,   466.531,   457.310,   463.182
 467.611,   468.440,   468.086,   458.303,   464.175
 468.548,   469.226,   468.558,   459.296,   465.168
 469.671,   470.219,   469.315,   460.288,   466.161
 470.567,   471.157,   470.422,   461.281,   467.154
 471.766,   471.965,   471.573,   462.274,   468.147
 472.741,   472.738,   472.482,   463.267,   469.139
 473.516,   474.172,   473.534,   464.260,   470.132
 474.458,   475.196,   474.300,   465.253,   471.125
 475.578,   476.195,   475.403,   466.245,   472.118
 476.461,   476.967,   476.606,   467.238,   473.111
 477.756,   477.686,   477.341,   468.231,   474.104
 478.413,   478.909,   478.826,   469.224,   475.096
 479.716,   479.978,   479.385,   470.217,   476.089
 480.536,   480.779,   480.026,   471.210,   477.082
 481.537,   481.754,   481.458,   472.202,   478.075
 482.746,   482.843,   482.235,   473.195,   479.068
 483.687,   483.787,   483.022,   474.188,   480.061
 484.710,   484.660,   484.452,   475.181,   481.053
 485.276,   485.299,   485.087,   476.174,   482.046
 486.371,   486.457,   486.324,   477.167,   483.039
 487.847,   487.677,   487.167,   478.159,   484.032
 488.766,   488.426,   488.344,   479.152,   485.025
 489.700,   489.421,   488.716,   480.145,   486.018
 490.461,   490.275,   490.072,   481.138,   487.010
 491.218,   491.299,   491.235,   482.131,   488.003
 492.455,   492.257,   492.074,   483.124,   488.996
 493.265,   493.358,   493.032,   484.116,   489.989
 494.300,   494.310,   494.169,   485.109,   490.982
 495.435,   495.574,   495.065,   486.102,   491.975
 496.305,   496.343,   496.072,   487.095,   492.967
 497.414,   497.355,   496.946,   488.088,   493.960
 498.173,   498.051,   497.818,   489.081,   494.953
 499.312,   499.557,   498.961,   490.073,   495.946
 500.276,   500.449,   500.192,   491.066,   496.939
 501.356,   501.044,   500.999,   492.059,   497.932
 501.960,   502.346,   502.346,   493.052,   498.924
 503.197,   503.326,   503.079,   494.045,   499.917
 504.232,   504.169,   503.969,   495.038,   500.910
 505.087,   505.022,   504.792,   496.030,   501.903
 505.979,   505.824,   505.593,   497.023,   502.896
 506.888,   507.110,   507.304,   498.016,   503.889
 508.006,   508.214,   507.867,   499.009,   504.881
 508.875,   509.289,   508.972,   500.002,   505.874
 509.651,   510.224,   509.707,   500.995,   506.867
 510.684,   510.814,   510.735,   501.987,   507.860
 511.859,   512.023,   511.387,   502.980,   508.853
 512.966,   513.200,   513.004,   503.973,   509.846
 513.844,   514.192,   513.883,   504.966,   510.838
 514.669,   514.996,   514.410,   505.959,   511.831
 515.812,   516.017,   515.335,   506.952,   512.824
 516.953,   516.880,   516.514,   507.944,   513.817
 518.089,   517.914,   517.602,   508.937,   514.810
 518.640,   518.906,   518.559,   509.930,   515.803
 519.642,   519.852,   519.536,   510.923,   516.796
 521.021,   520.534,   520.675,   511.916,   517.788
 521.652,   521.870,   521.509,   512.909,   518.781
 522.583,   522.826,   522.405,   513.902,   519.774
 523.862,   523.632,   523.343,   514.894,   520.767
 524.916,   524.633,   523.930,   515.887,   521.760
 525.670,   525.805,   525.168,   516.880,   522.753
 526.565,   526.750,   526.469,   517.873,   523.745
 527.506,   527.782,   527.490,   518.866,   524.738
 528.719,   528.377,   528.344,   519.859,   525.731
 529.587,   529.659,   529.141,   520.851,   526.724
 530.827,   530.504,   530.197,   521.844,   527.717
 531.595,   531.888,   531.174,   522.837,   528.710
 532.741,   532.751,   531.870,   523.830,   529.703
 533.803,   533.630,   532.862,   524.823,   530.695
 534.779,   534.866,   534.165,   525.816,   531.688
 535.967,   535.694,   535.063,   526.809,   532.681
 536.649,   537.152,   535.910,   527.801,   533.674
 538.010,   537.822,   536.779,   528.794,   534.667
 538.579,   538.826,   537.830,   529.787,   535.660
 539.694,   539.832,   538.844,   530.780,   536.652
 540.687,   540.647,   539.963,   531.773,   537.645
 541.429,   541.548,   541.157,   532.766,   538.638
 542.689,   542.661,   541.831,   533.758,   539.631
 543.588,   543.644,   542.924,   534.751,   540.624
 544.643,   544.728,   543.539,   535.744,   541.617
 545.464,   545.631,   544.509,   536.737,   542.609
 546.433,   546.647,   545.760,   537.730,   543.602
 547.597,   547.646,   547.248,   538.723,   544.595
 548.793,   548.539,   547.615,   539.716,   545.588
 549.346,   549.625,   549.035,   540.708,   546.581
 550.372,   550.742,   549.498,   541.701,   547.574
 551.759,   551.630,   550.519,   542.694,   548.567
 552.509,   552.324,   551.869,   543.687,   549.559
 553.432,   553.494,   552.932,   544.680,   550.552
 554.496,   554.399,   553.360,   545.673,   551.545
 555.358,   555.485,   554.670,   546.665,   552.538
 556.394,   556.286,   555.406,   547.658,   553.531
 557.477,   557.359,   556.632,   548.651,   554.524
 558.223,   558.237,   557.491,   549.644,   555.516
 559.314,   559.100,   558.486,   550.637,   556.509
 560.469,   560.319,   559.518,   551.630,   557.502
 561.394,   560.979,   561.015,   552.622,   558.495
 562.311,   562.191,   561.941,   553.615,   559.488
 563.384,   562.955,   562.900,   554.608,   560.481
 564.656,   564.317,   563.663,   555.601,   561.474
 565.196,   565.221,   564.910,   556.594,   562.466
 566.332,   566.227,   565.794,   557.587,   563.459
 567.265,   567.113,   566.586,   558.580,   564.452
 568.367,   567.964,   567.501,   559.572,   565.445
 569.235,   569.060,   568.619,   560.565,   566.438
 570.292,   570.179,   569.448,   561.558,   567.431
 571.171,   571.200,   570.688,   562.551,   568.423
 572.591,   572.030,   571.562,   563.544,   569.416
 573.281,   572.972,   572.854,   564.537,   570.409
 574.030,   573.950,   573.509,   565.529,   571.402
 575.294,   574.978,   574.623,   566.522,   572.395
 576.173,   575.654,   575.596,   567.515,   573.388
 577.214,   577.020,   576.727,   568.508,   574.380
 577.800,   577.982,   577.505,   569.501,   575.373
 578.972,   578.977,   578.438,   570.494,   576.366
 580.480,   580.014,   579.303,   571.487,   577.359
 580.789,   580.847,   580.430,   572.479,   578.352
 581.736,   581.973,   581.424,   573.472,   579.345
 583.079,   583.357,   582.552,   574.465,   580.338
 584.134,   583.955,   583.309,   575.458,   581.330
 585.233,   584.960,   584.489,   576.451,   582.323
 586.164,   586.069,   585.377,   577.444,   583.316
 587.213,   586.988,   586.269,   578.436,   584.309
 588.191,   587.890,   587.086,   579.429,   585.302
 589.315,   588.824,   588.568,   580.422,   586.295
 589.594,   589.942,   589.324,   581.415,   587.287
 590.777,   590.925,   590.309,   582.408,   588.280
 592.021,   591.721,   591.170,   583.401,   589.273
 592.818,   592.859,   592.210,   584.393,   590.266
 594.187,   593.750,   593.440,   585.386,   591.259
 594.904,   594.695,   594.194,   586.379,   592.252
 595.861,   595.693,   595.153,   587.372,   593.245
 596.639,   596.774,   596.187,   588.365,   594.237
 597.830,   597.356,   597.159,   589.358,   595.230
 598.669,   598.617,   598.265,   590.351,   596.223
 599.342,   599.292,   598.835,   591.343,   597.216
 600.430,   600.667,   599.854,   592.336,   598.209
 601.443,   601.431,   601.017,   593.329,   599.202
 602.788,   602.299,   602.020,   594.322,   600.194
 603.552,   603.513,   603.099,   595.315,   601.187
 604.417,   604.398,   604.023,   596.308,   602.180
 605.529,   605.264,   605.232,   597.300,   603.173
 606.615,   606.538,   605.917,   598.293,   604.166
 607.540,   607.398,   606.808,   599.286,   605.159
 608.522,   608.353,   608.144,   600.279,   606.151
 609.630,   609.328,   609.134,   601.272,   607.144
 610.508,   610.211,   609.867,   602.265,   608.137
 611.785,   611.155,   611.105,   603.258,   609.130
 612.452,   612.242,   611.617,   604.250,   610.123
 613.713,   613.230,   612.830,   605.243,   611.116
 614.358,   614.030,   614.033,   606.236,   612.109
 615.627,   615.439,   614.841,   607.229,   613.101
 616.423,   615.869,   615.845,   608.222,   614.094
 617.730,   617.073,   616.638,   609.215,   615.087
 618.755,   618.202,   617.877,   610.207,   616.080
 619.542,   618.991,   618.922,   611.200,   617.073
 620.789,   620.082,   620.032,   612.193,   618.066
 621.721,   621.124,   621.216,   613.186,   619.058
 622.415,   621.900,   621.523,   614.179,   620.051
 623.935,   622.991,   622.763,   615.172,   621.044
 624.948,   623.974,   623.773,   616.164,   622.037
 626.125,   625.218,   624.852,   617.157,   623.030
 627.008,   625.853,   625.758,   618.150,   624.023
 627.807,   627.140,   626.707,   619.143,   625.016
 628.574,   627.775,   627.807,   620.136,   626.008
 629.604,   628.917,   628.939,   621.129,   627.001
 631.099,   629.685,   629.770,   622.122,   627.994
 631.896,   630.839,   630.944,   623.114,   628.987
 632.848,   631.734,   631.801,   624.107,   629.980
 633.890,   632.674,   633.088,   625.100,   630.973
 635.130,   633.808,   633.449,   626.093,   631.965
 635.555,   634.731,   634.533,   627.086,   632.958
 636.790,   635.999,   636.131,   628.079,   633.951
 637.779,   636.937,   636.640,   629.071,   634.944
 639.100,   637.814,   637.273,   630.064,   635.937
 640.086,   638.702,   638.765,   631.057,   636.930
 640.791,   639.731,   639.797,   632.050,   637.923
 641.905,   640.493,   640.951,   633.043,   638.915
 643.026,   641.646,   641.647,   634.036,   639.908
 643.674,   642.851,   643.115,   635.029,   640.901
 644.750,   643.728,   644.040,   636.021,   641.894
 645.976,   644.427,   644.785,   637.014,   642.887
 646.993,   645.639,   645.714,   638.007,   643.880
 648.020,   646.667,   646.499,   639.000,   644.872
 648.872,   647.429,   647.448,   639.993,   645.865
 649.708,   648.596,   648.740,   640.986,   646.858
 650.780,   649.482,   649.772,   641.978,   647.851
 652.132,   650.604,   650.915,   642.971,   648.844
 652.706,   651.673,   651.915,   643.964,   649.837
 653.952,   652.381,   653.087,   644.957,   650.830
 654.938,   653.449,   653.928,   645.950,   651.822
 655.662,   654.283,   655.293,   646.943,   652.815
 656.657,   655.409,   656.158,   647.936,   653.808
 658.006,   656.521,   656.812,   648.928,   654.801
 658.562,   657.601,   657.784,   649.921,   655.794
 659.683,   658.317,   659.107,   650.914,   656.787
 660.764,   659.120,   660.108,   651.907,   657.779
 661.459,   660.301,   661.137,   652.900,   658.772
 662.750,   661.300,   661.781,   653.893,   659.765
 663.789,   662.226,   662.638,   654.885,   660.758
 664.696,   663.158,   663.790,   655.878,   661.751
 665.799,   664.342,   664.964,   656.871,   662.744
 666.690,   665.228,   665.711,   657.864,   663.737
 667.658,   666.279,   667.190,   658.857,   664.729
 668.654,   667.083,   667.820,   659.850,   665.722
 669.667,   668.166,   669.072,   660.843,   666.715
 670.892,   669.404,   669.923,   661.835,   667.708
 671.500,   670.024,   671.113,   662.828,   668.701
 672.510,   670.996,   671.888,   663.821,   669.694
 673.708,   671.932,   672.835,   664.814,   670.686
 675.061,   672.965,   674.140,   665.807,   671.679
 675.883,   674.167,   675.179,   666.800,   672.672
 676.875,   674.995,   675.939,   667.792,   673.665
 677.866,   676.205,   676.744,   668.785,   674.658
 678.842,   676.940,   678.157,   669.778,   675.651
 679.649,   677.798,   678.860,   670.771,   676.644
 680.758,   678.981,   680.041,   671.764,   677.636
 681.632,   680.011,   681.093,   672.757,   678.629
 682.733,   680.944,   682.111,   673.750,   679.622
 683.698,   682.227,   683.203,   674.742,   680.615
 684.773,   682.993,   684.130,   675.423,   681.608
 685.335,   684.108,   684.722,   676.684,   682.601
 686.350,   685.155,   685.790,   677.660,   683.593
 687.587,   686.171,   687.020,   678.663,   684.697
 688.702,   686.783,   687.905,   679.788,   685.513
 689.616,   688.235,   689.035,   680.858,   686.816
 690.666,   688.903,   689.745,   681.724,   687.706
 691.755,   689.945,   690.837,   682.762,   688.807
 692.546,   690.988,   691.811,   683.954,   689.978
 693.716,   691.828,   692.804,   684.815,   690.714
 694.343,   692.893,   693.797,   685.932,   691.791
 695.336,   693.859,   694.790,   686.798,   692.794
 696.329,   694.819,   695.783,   687.939,   693.925
 697.322,   695.778,   696.775,   689.013,   694.988
 698.314,   696.870,   697.768,   689.811,   695.534
 699.307,   697.773,   698.761,   691.053,   696.841
 700.300,   698.943,   699.754,   691.852,   697.467
 701.293,   699.621,   700.747,   693.363,   698.635
 702.286,   700.773,   701.740,   694.140,   699.367
 703.279,   701.766,   702.733,   695.380,   700.789
 704.272,   702.759,   703.725,   696.282,   701.658
 705.264,   703.752,   704.718,   697.102,   702.260
 706.257,   704.745,   705.711,   698.273,   703.494
 707.250,   705.738,   706.704,   699.425,   704.232
 708.243,   706.731,   707.697,   700.387,   705.152
 709.236,   707.723,   708.690,   701.362,   706.161
 710.229,   708.716,   709.682,   702.401,   707.388
 711.221,   709.709,   710.675,   703.348,   708.482
 712.214,   710.702,   711.668,   704.419,   709.327
 713.207,   711.695,   712.661,   705.372,   710.293
 714.200,   712.688,   713.654,   706.456,   711.380
 715.193,   713.681,   714.647,   707.346,   712.344
 716.186,   714.673,   715.640,   708.367,   712.961
 717.179,   715.666,   716.632,   709.592,   713.989
 718.171,   716.659,   717.625,   710.849,   715.371
 719.164,   717.652,   718.618,   711.733,   716.482
 720.157,   718.645,   719.611,   712.824,   717.131
 721.150,   719.638,   720.604,   713.422,   718.116
 722.143,   720.630,   721.597,   714.453,   719.334
 723.136,   721.623,   722.589,   715.607,   720.410
 724.128,   722.616,   723.582,   716.649,   721.294
 725.121,   723.609,   724.575,   717.639,   722.233
 726.114,   724.602,   725.568,   718.622,   723.092
 727.107,   725.595,   726.561,   719.576,   724.146
 728.100,   726.588,   727.554,   720.574,   725.115
 729.093,   727.580,   728.547,   721.526,   726.046
 730.086,   728.573,   729.539,   722.488,   727.379
 731.078,   729.566,   730.532,   723.370,   728.196
 732.071,   730.559,   731.525,   724.313,   729.073
 733.064,   731.552,   732.518,   725.393,   730.168
 734.057,   732.545,   733.511,   726.923,   731.236
 735.050,   733.537,   734.504,   727.762,   732.397
 736.043,   734.530,   735.496,   728.897,   733.104
 737.035,   735.523,   736.489,   729.795,   734.286
 738.028,   736.516,   737.482,   730.695,   734.943
 739.021,   737.509,   738.475,   731.930,   736.165
 740.014,   738.502,   739.468,   732.653,   737.044
 741.007,   739.495,   740.461,   733.732,   737.839
 742.000,   740.487,   741.453,   734.520,   739.244
 742.993,   741.480,   742.446,   735.836,   739.943
 743.985,   742.473,   743.439,   736.716,   740.877
 744.978,   743.466,   744.432,   737.986,   741.987
 745.971,   744.459,   745.425,   738.944,   742.701
 746.964,   745.452,   746.418,   739.748,   743.678
 747.957,   746.444,   747.411,   740.680,   744.616
 748.950,   747.437,   748.403,   741.730,   745.682
 749.942,   748.430,   749.396,   742.707,   746.804
 750.935,   749.423,   750.389,   743.959,   747.832
 751.928,   750.416,   751.382,   744.934,   748.628
 752.921,   751.409,   752.375,   745.908,   749.481
 753.914,   752.401,   753.368,   746.871,   750.750
 754.907,   753.394,   754.360,   747.975,   751.920
 755.900,   754.387,   755.353,   748.870,   752.692
 756.892,   755.380,   756.346,   749.706,   753.613
 757.885,   756.373,   757.339,   751.255,   754.728
 758.878,   757.366,   758.332,   752.218,   755.735
 759.871,   758.359,   759.325,   753.073,   756.970
 760.864,   759.351,   760.318,   753.878,   758.005
 761.857,   760.344,   761.310,   754.810,   758.825
 762.849,   761.337,   762.303,   755.863,   759.664
 763.842,   762.330,   763.296,   756.954,   760.696
 764.835,   763.323,   764.289,   758.084,   761.506
 765.828,   764.316,   765.282,   759.231,   762.765
 766.821,   765.308,   766.275,   760.063,   763.913
 767.814,   766.301,   767.267,   761.082,   764.986
 768.807,   767.294,   768.260,   762.157,   765.834
 769.799,   768.287,   769.253,   763.105,   766.823
 770.792,   769.280,   770.246,   764.054,   767.619
 771.785,   770.273,   771.239,   765.107,   768.794
 772.778,   771.266,   772.232,   766.246,   769.876
 773.771,   772.258,   773.224,   767.246,   770.746
 774.764,   773.251,   774.217,   768.121,   771.399
 775.756,   774.244,   775.210,   769.179,   772.688
 776.749,   775.237,   776.203,   770.318,   773.824
 777.742,   776.230,   777.196,   771.051,   774.710
 778.735,   777.223,   778.189,   772.427,   775.664
 779.728,   778.215,   779.182,   773.324,   776.769
 780.721,   779.208,   780.174,   774.215,   778.119
 781.714,   780.201,   781.167,   775.297,   778.775
 782.706,   781.194,   782.160,   776.584,   779.908
 783.699,   782.187,   783.153,   777.341,   780.901
 784.692,   783.180,   784.146,   778.430,   781.809
 785.685,   784.172,   785.139,   779.566,   783.033
 786.678,   785.165,   786.131,   780.634,   783.690
 787.671,   786.158,   787.124,   781.315,   784.673
 788.663,   787.151,   788.117,   782.370,   785.744
 789.656,   788.144,   789.110,   783.105,   786.849
 790.649,   789.137,   790.103,   784.278,   787.863
 791.642,   790.130,   791.096,   785.343,   788.680
 792.635,   791.122,   792.089,   786.486,   789.419
 793.628,   792.115,   793.081,   787.400,   790.450
 794.620,   793.108,   794.074,   788.508,   792.141
 795.613,   794.101,   795.067,   789.578,   792.857
 796.606,   795.094,   796.060,   790.269,   793.989
 797.599,   796.087,   797.053,   791.514,   794.708
 798.592,   797.079,   798.046,   792.467,   795.748
 799.585,   798.072,   799.038,   793.484,   796.820
 800.578,   799.065,   800.031,   794.309,   797.791
 801.570,   800.058,   801.024,   795.607,   799.009
 802.563,   801.051,   802.017,   796.451,   799.874
 803.556,   802.044,   803.010,   797.394,   800.810
 804.549,   803.036,   804.003,   798.245,   801.927
 805.542,   804.029,   804.995,   799.181,   802.987
 806.535,   805.022,   805.988,   800.573,   804.038
 807.527,   806.015,   806.981,   801.607,   804.931
 808.520,   807.008,   807.974,   802.713,   805.984
 809.513,   808.001,   808.967,   803.695,   806.845
 810.506,   808.994,   809.960,   804.773,   807.649
 811.499,   809.986,   810.953,   805.730,   808.864
 812.492,   810.979,   811.945,   807.028,   809.961
 813.484,   811.972,   812.938,   808.042,   811.061
 814.477,   812.965,   813.931,   809.052,   811.707
 815.470,   813.958,   814.924,   810.000,   813.045
 816.463,   814.951,   815.917,   810.542,   813.794
 817.456,   815.943,   816.910,   812.242,   815.046
 818.449,   816.936,   817.902,   812.943,   816.094
 819.442,   817.929,   818.895,   814.075,   816.978
 820.434,   818.922,   819.888,   814.827,   817.695
 821.427,   819.915,   820.881,   815.916,   818.931
 822.420,   820.908,   821.874,   816.925,   819.908
 823.413,   821.901,   822.867,   817.884,   821.083
 824.406,   822.893,   823.860,   818.758,   822.413
 825.399,   823.886,   824.852,   819.790,   823.213
 826.391,   824.879,   825.845,   820.647,   824.297
 827.384,   825.872,   826.838,   821.814,   825.043
 828.377,   826.865,   827.831,   822.760,   825.896
 829.370,   827.858,   828.824,   824.179,   827.187
 830.363,   828.850,   829.817,   824.629,   828.161
 831.356,   829.843,   830.809,   825.697,   829.317
 832.349,   830.836,   831.802,   826.853,   830.368
 833.341,   831.829,   832.795,   827.977,   831.291
 834.334,   832.822,   833.788,   829.294,   832.148
 835.327,   833.815,   834.781,   830.241,   833.013
 836.320,   834.808,   835.774,   830.872,   834.162
 837.313,   835.800,   836.767,   832.095,   835.190
 838.306,   836.793,   837.759,   833.065,   836.088
 839.298,   837.786,   838.752,   834.025,   837.245
 840.291,   838.779,   839.745,   835.023,   837.880
 841.284,   839.772,   840.738,   836.229,   838.878
 842.277,   840.765,   841.731,   837.435,   839.818
 843.270,   841.757,   842.724,   838.500,   841.053
 844.263,   842.750,   843.716,   839.144,   841.606
 845.255,   843.743,   844.709,   840.567,   843.011
 846.248,   844.736,   845.702,   841.251,   843.908
 847.241,   845.729,   846.695,   842.295,   844.865
 848.234,   846.722,   847.688,   843.187,   845.813
 849.227,   847.715,   848.681,   844.386,   846.813
 850.220,   848.707,   849.674,   845.219,   847.930
 851.213,   849.700,   850.666,   846.566,   848.848
 852.205,   850.693,   851.659,   847.183,   849.995
 853.198,   851.686,   852.652,   848.492,   850.904
 854.191,   852.679,   853.645,   849.281,   852.104
 855.184,   853.672,   854.638,   850.619,   852.970
 856.177,   854.664,   855.631,   851.153,   854.127
 857.170,   855.657,   856.623,   852.072,   855.186
 858.162,   856.650,   857.616,   853.263,   856.185
 859.155,   857.643,   858.609,   854.001,   857.091
 860.148,   858.636,   859.602,   855.040,   858.196
 861.141,   859.629,   860.595,   856.331,   859.242
 862.134,   860.622,   861.588,   857.451,   860.133
 863.127,   861.614,   862.581,   858.433,   860.994
 864.120,   862.607,   863.573,   859.248,   861.934
 865.112,   863.600,   864.566,   860.385,   863.307
 866.105,   864.593,   865.559,   861.263,   864.272
 867.098,   865.586,   866.552,   862.424,   865.238
 868.091,   866.579,   867.545,   863.239,   866.066
 869.084,   867.571,   868.538,   864.395,   867.109
 870.077,   868.564,   869.530,   865.053,   868.488
 871.069,   869.557,   870.523,   866.216,   869.254
 872.062,   870.550,   871.516,   867.201,   870.227
 873.055,   871.543,   872.509,   868.134,   871.204
 874.048,   872.536,   873.502,   869.536,   872.624
 875.041,   873.529,   874.495,   870.122,   873.163
 876.034,   874.521,   875.488,   871.099,   874.491
 877.027,   875.514,   876.480,   872.205,   875.255
 878.019,   876.507,   877.473,   873.165,   876.349
 879.012,   877.500,   878.466,   873.920,   877.175
 880.005,   878.493,   879.459,   875.094,   877.948
 880.998,   879.486,   880.452,   875.931,   879.027
 881.991,   880.478,   881.445,   877.159,   880.031
 882.984,   881.471,   882.437,   877.784,   880.997
 883.976,   882.464,   883.430,   878.898,   882.431
 884.969,   883.457,   884.423,   880.040,   883.166
 885.962,   884.450,   885.416,   881.378,   883.761
 886.955,   885.443,   886.409,   882.154,   885.133
 887.948,   886.436,   887.402,   883.018,   886.227
 888.941,   887.428,   888.395,   884.049,   887.132
 889.934,   888.421,   889.387,   885.342,   888.363
 890.926,   889.414,   890.380,   886.311,   888.876
 891.919,   890.407,   891.373,   887.260,   890.121
 892.912,   891.400,   892.366,   888.083,   891.066
 893.905,   892.393,   893.359,   889.152,   892.180
 894.898,   893.385,   894.352,   890.154,   893.163
 895.891,   894.378,   895.344,   891.069,   894.494
 896.883,   895.371,   896.337,   892.093,   895.421
 897.876,   896.364,   897.330,   893.333,   896.238
 898.869,   897.357,   898.323,   894.109,   897.205
 899.862,   898.350,   899.316,   894.872,   898.120
 900.855,   899.343,   900.309,   896.038,   899.273
 901.848,   900.335,   901.302,   896.652,   900.420
 902.841,   901.328,   902.294,   897.900,   901.152
 903.833,   902.321,   903.287,   898.758,   902.690
 904.826,   903.314,   904.280,   899.781,   903.454
 905.819,   904.307,   905.273,   900.948,   904.450
 906.812,   905.300,   906.266,   902.050,   905.354
 907.805,   906.292,   907.259,   902.941,   906.434
 908.798,   907.285,   908.251,   904.135,   907.495
 909.790,   908.278,   909.244,   904.946,   908.417
 910.783,   909.271,   910.237,   906.175,   909.340
 911.776,   910.264,   911.230,   906.792,   910.449
 912.769,   911.257,   912.223,   907.868,   911.424
 913.762,   912.250,   913.216,   908.854,   912.247
 914.755,   913.242,   914.208,   910.097,   913.259
 915.748,   914.235,   915.201,   911.015,   914.273
 916.740,   915.228,   916.194,   912.193,   915.581
 917.733,   916.221,   917.187,   912.829,   916.222
 918.726,   917.214,   918.180,   914.078,   917.396
 919.719,   918.207,   919.173,   915.222,   918.416
 920.712,   919.199,   920.166,   915.713,   919.277
 921.705,   920.192,   921.158,   917.125,   920.509
 922.697,   921.185,   922.151,   917.984,   921.201
 923.690,   922.178,   923.144,   918.800,   922.636
 924.683,   923.171,   924.137,   920.026,   923.131
 925.676,   924.164,   925.130,   920.832,   924.236
 926.669,   925.156,   926.123,   921.921,   925.375
 927.662,   926.149,   927.115,   922.800,   926.286
 928.655,   927.142,   928.108,   923.773,   927.253
 929.647,   928.135,   929.101,   924.815,   928.438
 930.640,   929.128,   930.094,   926.014,   929.326
 931.633,   930.121,   931.087,   926.927,   930.541
 932.626,   931.114,   932.080,   927.914,   931.241
 933.619,   932.106,   933.073,   928.902,   932.113
 934.612,   933.099,   934.065,   930.039,   933.484
 935.604,   934.092,   935.058,   930.965,   934.328
 936.597,   935.085,   936.051,   931.732,   935.345
 937.590,   936.078,   937.044,   932.788,   936.516
 938.583,   937.071,   938.037,   933.781,   937.531
 939.576,   938.063,   939.030,   934.774,   938.224
 940.569,   939.056,   940.022,   935.767,   939.390
 941.562,   940.049,   941.015,   936.760,   940.383
 942.554,   941.042,   942.008,   937.753,   941.375
 943.547,   942.035,   943.001,   938.745,   942.368
 944.540,   943.028,   943.994,   939.738,   943.361
 945.533,   944.021,   944.987,   940.731,   944.354
 946.526,   945.013,   945.979,   941.724,   945.347
 947.519,   946.006,   946.972,   942.717,   946.340
 948.511,   946.999,   947.965,   943.710,   947.333
 949.504,   947.992,   948.958,   944.703,   948.325
 950.497,   948.985,   949.951,   945.695,   949.318
 951.490,   949.978,   950.944,   946.688,   950.311
 952.483,   950.970,   951.937,   947.681,   951.304
 953.476,   951.963,   952.929,   948.674,   952.297
 954.469,   952.956,   953.922,   949.667,   953.290
 955.461,   953.949,   954.915,   950.660,   954.282
 956.454,   954.942,   955.908,   951.652,   955.275
 957.447,   955.935,   956.901,   952.645,   956.268
 958.440,   956.927,   957.894,   953.638,   957.261
 959.433,   957.920,   958.886,   954.631,   958.254
 960.426,   958.913,   959.879,   955.624,   959.247
 961.418,   959.906,   960.872,   956.617,   960.240
 962.411,   960.899,   961.865,   957.609,   961.232
 963.404,   961.892,   962.858,   958.602,   962.225
 964.397,   962.885,   963.851,   959.595,   963.218
 965.390,   963.877,   964.844,   960.588,   964.211
 966.383,   964.870,   965.836,   961.581,   965.204
 967.375,   965.863,   966.829,   962.574,   966.197
 968.368,   966.856,   967.822,   963.567,   967.189
 969.361,   967.849,   968.815,   964.559,   968.182
 970.354,   968.842,   969.808,   965.552,   969.175
 971.347,   969.834,   970.801,   966.545,   970.168
 972.340,   970.827,   971.793,   967.538,   971.161
 973.333,   971.820,   972.786,   968.531,   972.154
 974.325,   972.813,   973.779,   969.524,   973.147
 975.318,   973.806,   974.772,   970.516,   974.139
 976.311,   974.799,   975.765,   971.509,   975.132
 977.304,   975.792,   976.758,   972.502,   976.125
 978.297,   976.784,   977.750,   973.495,   977.118
 979.290,   977.777,   978.743,   974.488,   978.111
 980.282,   978.770,   979.736,   975.481,   979.104
 981.275,   979.763,   980.729,   976.474,   980.096
 982.268,   980.756,   981.722,   977.466,   981.089
 983.261,   981.749,   982.715,   978.459,   982.082
 984.254,   982.741,   983.708,   979.452,   983.075
 985.247,   983.734,   984.700,   980.445,   984.068
 986.240,   984.727,   985.693,   981.438,   985.061
 987.232,   985.720,   986.686,   982.431,   986.054
 988.225,   986.713,   987.679,   983.423,   987.046
 989.218,   987.706,   988.672,   984.416,   988.039
 990.211,   988.698,   989.665,   985.409,   989.032
 991.204,   989.691,   990.657,   986.402,   990.025
 992.197,   990.684,   991.650,   987.395,   991.018
 993.189,   991.677,   992.643,   988.388,   992.011
 994.182,   992.670,   993.636,   989.380,   993.003
 995.175,   993.663,   994.629,   990.373,   993.996
 996.168,   994.656,   995.622,   991.366,   994.989
 997.161,   995.648,   996.615,   992.359,   995.982
 998.154,   996.641,   997.607,   993.352,   996.975
 999.146,   997.634,   998.600,   994.345,   997.968
1000.140,   998.627,   999.593,   995.338,   998.961
1001.130,   999.620,  1000.590,   996.330,   999.953
1002.120,  1000.610,  1001.580,   997.323,  1000.950
1003.120,  1001.610,  1002.570,   998.316,  1001.940
1004.110,  1002.600,  1003.560,   999.309,  1002.930
1005.100,  1003.590,  1004.560,  1000.300,  1003.920
1006.100,  1004.580,  1005.550,  1001.290,  1004.920
1007.090,  1005.580,  1006.540,  1002.290,  1005.910
1008.080,  1006.570,  1007.540,  1003.280,  1006.900
1009.070,  1007.560,  1008.530,  1004.270,  1007.900
1010.070,  1008.560,  1009.520,  1005.270,  1008.890
1011.060,  1009.550,  1010.510,  1006.260,  1009.880
1012.050,  1010.540,  1011.510,  1007.250,  1010.870
1013.050,  1011.530,  1012.500,  1008.240,  1011.870
1014.040,  1012.530,  1013.490,  1009.240,  1012.860
1015.030,  1013.520,  1014.490,  1010.230,  1013.850
1016.020,  1014.510,  1015.480,  1011.220,  1014.850
