2018 Testbeam Scan3 timing data
 Module1    Module2    Module3    Module4    Module5
   2.227,     6.784,     7.541,    -9.315,    -2.182
   3.242,     7.452,     8.634,    -8.671,    -1.285
   4.479,     8.494,     9.608,    -7.248,    -0.328
   5.593,     9.537,    10.601,    -6.564,     0.620
   6.507,    10.377,    11.594,    -5.520,     1.620
   7.558,    11.441,    12.586,    -4.628,     2.737
   8.647,    12.407,    13.579,    -3.429,     3.655
   9.438,    13.368,    14.572,    -2.596,     4.802
  10.608,    14.327,    15.565,    -1.249,     5.711
  11.235,    15.419,    16.558,    -0.632,     6.911
  12.228,    16.322,    17.551,     0.677,     7.777
  13.221,    17.492,    18.544,     1.466,     8.934
  14.213,    18.170,    19.536,     2.804,     9.993
  15.206,    19.322,    20.529,     3.338,    10.992
  16.199,    20.315,    21.522,     4.257,    11.898
  17.192,    21.308,    22.515,     5.448,    13.002
  18.185,    22.301,    23.508,     6.186,    14.049
  19.178,    23.294,    24.500,     7.225,    14.940
  20.170,    24.287,    25.493,     8.516,    15.801
  21.163,    25.279,    26.486,     9.635,    16.741
  22.156,    26.272,    27.479,    10.618,    18.114
  23.149,    27.265,    28.472,    11.433,    19.079
  24.142,    28.258,    29.465,    12.569,    20.045
  25.135,    29.251,    30.457,    13.448,    20.873
  26.128,    30.244,    31.450,    14.609,    21.916
  27.120,    31.236,    32.443,    15.424,    23.295
  28.113,    32.229,    33.436,    16.580,    24.061
  29.106,    33.222,    34.429,    17.238,    25.034
  30.099,    34.215,    35.422,    18.401,    26.011
  31.092,    35.208,    36.415,    19.386,    27.431
  32.084,    36.201,    37.407,    20.319,    27.970
  33.077,    37.193,    38.400,    21.721,    29.298
  34.070,    38.186,    39.393,    22.307,    30.062
  35.063,    39.179,    40.386,    23.284,    31.155
  36.056,    40.172,    41.379,    24.390,    31.982
  37.049,    41.165,    42.372,    25.350,    32.755
  38.041,    42.158,    43.364,    26.105,    33.834
  39.034,    43.151,    44.357,    27.279,    34.838
  40.027,    44.143,    45.350,    28.116,    35.804
  41.020,    45.136,    46.343,    29.344,    37.238
  42.013,    46.129,    47.336,    29.969,    37.973
  43.006,    47.122,    48.329,    31.083,    38.568
  43.998,    48.115,    49.322,    32.224,    39.940
  44.991,    49.108,    50.314,    33.563,    41.034
  45.984,    50.100,    51.307,    34.339,    41.939
  46.977,    51.093,    52.300,    35.203,    43.170
  47.970,    52.086,    53.293,    36.234,    43.683
  48.963,    53.079,    54.286,    37.527,    44.928
  49.956,    54.072,    55.279,    38.496,    45.873
  50.948,    55.065,    56.271,    39.445,    46.987
  51.941,    56.057,    57.264,    40.268,    47.970
  52.934,    57.050,    58.257,    41.337,    49.301
  53.927,    58.043,    59.250,    42.339,    50.228
  54.920,    59.036,    60.243,    43.254,    51.045
  55.913,    60.029,    61.236,    44.278,    52.012
  56.905,    61.022,    62.228,    45.518,    52.927
  57.898,    62.014,    63.221,    46.294,    54.080
  58.891,    63.007,    64.214,    47.057,    55.227
  59.884,    64.000,    65.207,    48.224,    55.959
  60.877,    64.993,    66.200,    48.837,    57.497
  61.870,    65.986,    67.193,    50.085,    58.261
  62.862,    66.979,    68.185,    50.943,    59.257
  63.855,    67.971,    69.178,    51.966,    60.161
  64.848,    68.964,    70.171,    53.133,    61.241
  65.841,    69.957,    71.164,    54.235,    62.302
  66.834,    70.950,    72.157,    55.126,    63.224
  67.827,    71.943,    73.150,    56.321,    64.147
  68.820,    72.936,    74.142,    57.132,    65.256
  69.812,    73.928,    75.135,    58.360,    66.231
  70.805,    74.921,    76.128,    58.977,    67.054
  71.798,    75.914,    77.121,    60.053,    68.066
  72.791,    76.907,    78.114,    61.039,    69.080
  73.784,    77.900,    79.107,    62.282,    70.388
  74.776,    78.893,    80.100,    63.200,    71.029
  75.769,    79.885,    81.092,    64.378,    72.203
  76.762,    80.878,    82.085,    65.014,    73.223
  77.755,    81.871,    83.078,    66.263,    74.084
  78.748,    82.864,    84.071,    67.407,    75.316
  79.741,    83.857,    85.064,    67.898,    76.008
  80.734,    84.850,    86.056,    69.310,    77.443
  81.726,    85.843,    87.049,    70.169,    77.938
  82.719,    86.835,    88.042,    70.985,    79.043
  83.712,    87.828,    89.035,    72.212,    80.181
  84.705,    88.821,    90.028,    73.017,    81.093
  85.698,    89.814,    91.021,    74.106,    82.060
  86.691,    90.807,    92.013,    74.985,    83.245
  87.683,    91.800,    93.006,    75.959,    84.133
  88.676,    92.792,    93.999,    77.001,    85.348
  89.669,    93.785,    94.992,    78.199,    86.048
  90.662,    94.778,    95.985,    79.113,    86.920
  91.655,    95.771,    96.978,    80.099,    88.291
  92.648,    96.764,    97.971,    81.087,    89.135
  93.641,    97.757,    98.963,    82.225,    90.152
  94.633,    98.749,    99.956,    83.150,    91.323
  95.626,    99.742,   100.949,    83.917,    92.338
  96.619,   100.735,   101.942,    84.974,    93.031
  97.612,   101.728,   102.935,    85.966,    94.197
  98.605,   102.721,   103.928,    86.959,    95.189
  99.597,   103.714,   104.920,    87.952,    96.182
 100.590,   104.706,   105.913,    88.945,    97.175
 101.583,   105.699,   106.906,    89.938,    98.168
 102.576,   106.692,   107.899,    90.930,    99.161
 103.569,   107.685,   108.892,    91.923,   100.154
 104.562,   108.678,   109.885,    92.916,   101.146
 105.554,   109.671,   110.877,    93.909,   102.139
 106.547,   110.663,   111.870,    94.902,   103.132
 107.540,   111.656,   112.863,    95.895,   104.125
 108.533,   112.649,   113.856,    96.888,   105.118
 109.526,   113.642,   114.849,    97.880,   106.111
 110.519,   114.635,   115.842,    98.873,   107.104
 111.512,   115.628,   116.834,    99.866,   108.096
 112.504,   116.620,   117.827,   100.859,   109.089
 113.497,   117.613,   118.820,   101.852,   110.082
 114.490,   118.606,   119.813,   102.845,   111.075
 115.483,   119.599,   120.806,   103.837,   112.068
 116.476,   120.592,   121.799,   104.830,   113.061
 117.469,   121.585,   122.791,   105.823,   114.053
 118.461,   122.578,   123.784,   106.816,   115.046
 119.454,   123.570,   124.777,   107.809,   116.039
 120.447,   124.563,   125.770,   108.802,   117.032
 121.440,   125.556,   126.763,   109.794,   118.025
 122.433,   126.549,   127.756,   110.787,   119.018
 123.425,   127.542,   128.749,   111.780,   120.010
 124.418,   128.535,   129.741,   112.773,   121.003
 125.411,   129.527,   130.734,   113.766,   121.996
 126.404,   130.520,   131.727,   114.759,   122.989
 127.397,   131.513,   132.720,   115.751,   123.982
 128.390,   132.506,   133.713,   116.744,   124.975
 129.383,   133.499,   134.705,   117.737,   125.967
 130.375,   134.491,   135.698,   118.730,   126.960
 131.368,   135.484,   136.691,   119.723,   127.953
 132.361,   136.477,   137.684,   120.716,   128.946
 133.354,   137.470,   138.677,   121.708,   129.939
 134.347,   138.463,   139.670,   122.701,   130.932
 135.340,   139.456,   140.662,   123.694,   131.924
 136.332,   140.449,   141.655,   124.687,   132.917
 137.325,   141.441,   142.648,   125.680,   133.910
 138.318,   142.434,   143.641,   126.673,   134.903
 139.311,   143.427,   144.634,   127.666,   135.896
 140.304,   144.420,   145.627,   128.658,   136.889
 141.297,   145.413,   146.619,   129.651,   137.881
 142.290,   146.406,   147.612,   130.644,   138.874
 143.282,   147.398,   148.605,   131.637,   139.867
 144.275,   148.391,   149.598,   132.630,   140.860
 145.268,   149.384,   150.591,   133.623,   141.853
 146.261,   150.377,   151.584,   134.615,   142.846
 147.254,   151.370,   152.577,   135.608,   143.839
 148.247,   152.363,   153.569,   136.601,   144.831
 149.239,   153.355,   154.562,   137.594,   145.824
 150.232,   154.348,   155.555,   138.587,   146.817
 151.225,   155.341,   156.548,   139.580,   147.810
 152.218,   156.334,   157.541,   140.572,   148.803
 153.211,   157.327,   158.534,   141.565,   149.796
 154.204,   158.320,   159.526,   142.558,   150.788
 155.196,   159.312,   160.519,   143.551,   151.781
 156.189,   160.305,   161.512,   144.544,   152.774
 157.182,   161.298,   162.505,   145.537,   153.767
 158.175,   162.291,   163.498,   146.529,   154.760
 159.168,   163.284,   164.491,   147.522,   155.753
 160.161,   164.277,   165.484,   148.515,   156.745
 161.153,   165.270,   166.476,   149.508,   157.738
 162.146,   166.262,   167.469,   150.501,   158.731
 163.139,   167.255,   168.462,   151.494,   159.724
 164.132,   168.248,   169.455,   152.486,   160.717
 165.125,   169.241,   170.448,   153.479,   161.710
 166.118,   170.234,   171.441,   154.472,   162.702
 167.110,   171.227,   172.433,   155.465,   163.695
 168.103,   172.219,   173.426,   156.458,   164.688
 169.096,   173.212,   174.419,   157.451,   165.681
 170.089,   174.205,   175.412,   158.444,   166.674
 171.082,   175.198,   176.405,   159.436,   167.667
 172.075,   176.191,   177.398,   160.429,   168.659
 173.068,   177.184,   178.390,   161.422,   169.652
 174.060,   178.176,   179.383,   162.415,   170.645
 175.053,   179.169,   180.376,   163.408,   171.638
 176.046,   180.162,   181.369,   164.401,   172.631
 177.039,   181.155,   182.362,   165.393,   173.624
 178.032,   182.148,   183.355,   166.386,   174.617
 179.025,   183.141,   184.347,   167.379,   175.609
 180.017,   184.133,   185.340,   168.372,   176.602
 181.010,   185.126,   186.333,   169.365,   177.595
 182.003,   186.119,   187.326,   170.358,   178.588
 182.996,   187.112,   188.319,   171.350,   179.581
 183.989,   188.105,   189.312,   172.343,   180.574
 184.982,   189.098,   190.304,   173.336,   181.566
 185.974,   190.091,   191.297,   174.329,   182.559
 186.967,   191.083,   192.290,   175.322,   183.552
 187.960,   192.076,   193.283,   176.315,   184.545
 188.953,   193.069,   194.276,   177.307,   185.538
 189.946,   194.062,   195.269,   178.300,   186.531
 190.939,   195.055,   196.262,   179.293,   187.523
 191.931,   196.048,   197.254,   180.286,   188.516
 192.924,   197.040,   198.247,   181.279,   189.509
 193.917,   198.033,   199.240,   182.272,   190.502
 194.910,   199.026,   200.233,   183.264,   191.495
 195.903,   200.019,   201.226,   184.257,   192.488
 196.896,   201.012,   202.219,   185.250,   193.480
 197.888,   202.005,   203.211,   186.243,   194.473
 198.881,   202.997,   204.204,   187.236,   195.466
 199.874,   203.990,   205.197,   188.229,   196.459
 200.867,   204.983,   206.190,   189.222,   197.452
 201.860,   205.976,   207.183,   190.214,   198.445
 202.853,   206.969,   208.176,   191.207,   199.437
 203.846,   207.962,   209.168,   192.200,   200.430
 204.838,   208.954,   210.161,   193.193,   201.423
 205.831,   209.947,   211.154,   194.186,   202.416
 206.824,   210.940,   212.147,   195.179,   203.409
 207.817,   211.933,   213.140,   196.171,   204.402
 208.810,   212.926,   214.133,   197.164,   205.395
 209.803,   213.919,   215.125,   198.157,   206.387
 210.795,   214.911,   216.118,   199.150,   207.380
 211.788,   215.904,   217.111,   200.143,   208.373
 212.781,   216.897,   218.104,   201.136,   209.366
 213.774,   217.890,   219.097,   202.128,   210.359
 214.767,   218.883,   220.090,   203.121,   211.352
 215.760,   219.876,   221.082,   204.114,   212.344
 216.752,   220.869,   222.075,   205.107,   213.337
 217.745,   221.861,   223.068,   206.100,   214.330
 218.738,   222.854,   224.061,   207.093,   215.323
 219.731,   223.847,   225.054,   208.085,   216.316
 220.724,   224.840,   226.047,   209.078,   217.309
 221.717,   225.833,   227.040,   210.071,   218.301
 222.709,   226.826,   228.032,   211.064,   219.294
 223.702,   227.818,   229.025,   212.057,   220.287
 224.695,   228.811,   230.018,   213.050,   221.280
 225.688,   229.804,   231.011,   214.042,   222.273
 226.681,   230.797,   232.004,   215.035,   223.266
 227.674,   231.790,   232.997,   216.028,   224.258
 228.666,   232.783,   233.989,   217.021,   225.251
 229.659,   233.775,   234.982,   218.014,   226.244
 230.652,   234.768,   235.975,   219.007,   227.237
 231.645,   235.761,   236.968,   220.000,   228.230
 232.638,   236.754,   237.961,   220.992,   229.223
 233.631,   237.747,   238.954,   221.985,   230.215
 234.623,   238.740,   239.946,   222.978,   231.208
 235.616,   239.732,   240.939,   223.971,   232.201
 236.609,   240.725,   241.932,   224.964,   233.194
 237.602,   241.718,   242.925,   225.957,   234.187
 238.595,   242.711,   243.918,   226.949,   235.180
 239.588,   243.704,   244.911,   227.942,   236.173
 240.581,   244.697,   245.903,   228.935,   237.165
 241.573,   245.689,   246.896,   229.928,   238.158
 242.566,   246.682,   247.889,   230.921,   239.151
 243.559,   247.675,   248.882,   231.914,   240.144
 244.552,   248.668,   249.875,   232.906,   241.137
 245.545,   249.661,   250.868,   233.899,   242.130
 246.538,   250.654,   251.860,   234.892,   243.122
 247.530,   251.647,   252.853,   235.885,   244.115
 248.523,   252.639,   253.846,   236.878,   245.108
 249.516,   253.632,   254.839,   237.871,   246.101
 250.509,   254.625,   255.832,   238.863,   247.094
 251.502,   255.618,   256.825,   239.856,   248.087
 252.495,   256.611,   257.818,   240.849,   249.079
 253.487,   257.604,   258.810,   241.842,   250.072
 254.480,   258.596,   259.803,   242.835,   251.065
 255.473,   259.589,   260.796,   243.828,   252.058
 256.466,   260.582,   261.789,   244.820,   253.051
 257.459,   261.575,   262.782,   245.813,   254.044
 258.452,   262.568,   263.775,   246.806,   255.036
 259.444,   263.561,   264.767,   247.799,   256.029
 260.437,   264.553,   265.760,   248.792,   257.022
 261.430,   265.546,   266.753,   249.785,   258.015
 262.423,   266.539,   267.746,   250.777,   259.008
 263.416,   267.532,   268.739,   251.770,   260.001
 264.409,   268.525,   269.732,   252.763,   260.993
 265.401,   269.518,   270.724,   253.756,   261.986
 266.394,   270.510,   271.717,   254.749,   262.979
 267.387,   271.503,   272.710,   255.742,   263.972
 268.380,   272.496,   273.703,   256.735,   264.965
 269.373,   273.489,   274.696,   257.727,   265.958
 270.366,   274.482,   275.689,   258.720,   266.951
 271.358,   275.475,   276.681,   259.713,   267.943
 272.351,   276.467,   277.674,   260.706,   268.936
 273.344,   277.460,   278.667,   261.699,   269.929
 274.337,   278.453,   279.660,   262.691,   270.922
 275.330,   279.446,   280.653,   263.684,   271.915
 276.323,   280.439,   281.646,   264.677,   272.907
 277.315,   281.432,   282.638,   265.670,   273.900
 278.308,   282.424,   283.631,   266.663,   274.893
 279.301,   283.417,   284.624,   267.656,   275.886
 280.294,   284.410,   285.617,   268.648,   276.879
 281.287,   285.403,   286.610,   269.641,   277.872
 282.280,   286.396,   287.603,   270.634,   278.864
 283.272,   287.389,   288.595,   271.627,   279.857
 284.265,   288.381,   289.588,   272.620,   280.850
 285.258,   289.374,   290.581,   273.613,   281.843
 286.251,   290.367,   291.574,   274.606,   282.836
 287.244,   291.360,   292.567,   275.598,   283.829
 288.237,   292.353,   293.560,   276.591,   284.821
 289.229,   293.346,   294.552,   277.584,   285.814
 290.222,   294.338,   295.545,   278.577,   286.807
 291.215,   295.331,   296.538,   279.570,   287.800
 292.208,   296.324,   297.531,   280.562,   288.793
 293.201,   297.317,   298.524,   281.555,   289.786
 294.194,   298.310,   299.517,   282.548,   290.779
 295.186,   299.303,   300.509,   283.541,   291.771
 296.179,   300.295,   301.502,   284.534,   292.764
 297.172,   301.288,   302.495,   285.527,   293.757
 298.165,   302.281,   303.488,   286.519,   294.750
 299.158,   303.274,   304.481,   287.512,   295.743
 300.151,   304.267,   305.474,   288.505,   296.735
 301.143,   305.260,   306.466,   289.498,   297.728
 302.136,   306.252,   307.459,   290.491,   298.721
 303.129,   307.245,   308.452,   291.484,   299.714
 304.122,   308.238,   309.445,   292.477,   300.707
 305.115,   309.231,   310.438,   293.469,   301.700
 306.108,   310.224,   311.430,   294.462,   302.692
 307.100,   311.217,   312.423,   295.455,   303.685
 308.093,   312.209,   313.416,   296.448,   304.678
 309.086,   313.202,   314.409,   297.441,   305.671
 310.079,   314.195,   315.402,   298.434,   306.664
 311.072,   315.188,   316.395,   299.426,   307.657
 312.065,   316.181,   317.388,   300.419,   308.649
 313.057,   317.174,   318.380,   301.412,   309.642
 314.050,   318.166,   319.373,   302.405,   310.635
 315.043,   319.159,   320.366,   303.398,   311.628
 316.036,   320.152,   321.359,   304.390,   312.621
 317.029,   321.145,   322.352,   305.383,   313.614
 318.022,   322.138,   323.345,   306.376,   314.606
 319.014,   323.131,   324.337,   307.369,   315.599
 320.007,   324.123,   325.330,   308.362,   316.592
 321.000,   325.116,   326.323,   309.355,   317.585
 321.993,   326.109,   327.316,   310.348,   318.578
 322.986,   327.102,   328.309,   311.340,   319.571
 323.979,   328.095,   329.301,   312.333,   320.563
 324.971,   329.088,   330.294,   313.326,   321.556
 325.964,   330.080,   331.287,   314.319,   322.549
 326.957,   331.073,   332.280,   315.312,   323.542
 327.950,   332.066,   333.273,   316.305,   324.535
 328.943,   333.059,   334.266,   317.297,   325.528
 329.936,   334.052,   335.259,   318.290,   326.521
 330.928,   335.045,   336.251,   319.283,   327.513
 331.921,   336.037,   337.244,   320.276,   328.506
 332.914,   337.030,   338.237,   321.269,   329.499
 333.907,   338.023,   339.230,   322.261,   330.492
 334.900,   339.016,   340.223,   323.254,   331.485
 335.893,   340.009,   341.216,   324.247,   332.477
 336.885,   341.002,   342.208,   325.240,   333.470
 337.878,   341.994,   343.201,   326.233,   334.463
 338.871,   342.987,   344.194,   327.226,   335.456
 339.864,   343.980,   345.187,   328.219,   336.449
 340.857,   344.973,   346.180,   329.211,   337.442
 341.850,   345.966,   347.172,   330.204,   338.434
 342.842,   346.959,   348.165,   331.197,   339.427
 343.835,   347.951,   349.158,   332.190,   340.420
 344.828,   348.944,   350.151,   333.183,   341.413
 345.821,   349.937,   351.144,   334.176,   342.406
 346.814,   350.930,   352.137,   335.168,   343.399
 347.807,   351.923,   353.130,   336.161,   344.391
 348.799,   352.916,   354.122,   337.154,   345.384
 349.792,   353.908,   355.115,   338.147,   346.377
 350.785,   354.901,   356.108,   339.140,   347.370
 351.778,   355.894,   357.101,   340.132,   348.363
 352.771,   356.887,   358.094,   341.125,   349.356
 353.764,   357.880,   359.087,   342.118,   350.348
 354.756,   358.873,   360.079,   343.111,   351.341
 355.749,   359.865,   361.072,   344.104,   352.334
 356.742,   360.858,   362.065,   345.097,   353.327
 357.735,   361.851,   363.058,   346.089,   354.320
 358.728,   362.844,   364.051,   347.082,   355.313
 359.721,   363.837,   365.043,   348.075,   356.305
 360.713,   364.830,   366.036,   349.068,   357.298
 361.706,   365.822,   367.029,   350.061,   358.291
 362.699,   366.815,   368.022,   351.054,   359.284
 363.692,   367.808,   369.015,   352.047,   360.277
 364.685,   368.801,   370.008,   353.039,   361.270
 365.678,   369.794,   371.001,   354.032,   362.263
 366.670,   370.787,   371.993,   355.025,   363.255
 367.663,   371.779,   372.986,   356.018,   364.248
 368.656,   372.772,   373.979,   357.011,   365.241
 369.649,   373.765,   374.972,   358.003,   366.234
 370.642,   374.758,   375.965,   358.996,   367.227
 371.635,   375.751,   376.958,   359.989,   368.219
 372.627,   376.744,   377.950,   360.982,   369.212
 373.620,   377.736,   378.943,   361.975,   370.205
 374.613,   378.729,   379.936,   362.968,   371.198
 375.606,   379.722,   380.929,   363.960,   372.191
 376.599,   380.715,   381.922,   364.953,   373.184
 377.592,   381.708,   382.914,   365.946,   374.176
 378.584,   382.701,   383.907,   366.939,   375.169
 379.577,   383.693,   384.900,   367.932,   376.162
 380.570,   384.686,   385.893,   368.925,   377.155
 381.563,   385.679,   386.886,   369.918,   378.148
 382.556,   386.672,   387.879,   370.910,   379.141
 383.549,   387.665,   388.872,   371.903,   380.133
 384.541,   388.658,   389.864,   372.896,   381.126
 385.534,   389.650,   390.857,   373.889,   382.119
 386.527,   390.643,   391.850,   374.882,   383.112
 387.520,   391.636,   392.843,   375.874,   384.105
 388.513,   392.629,   393.836,   376.867,   385.098
 389.506,   393.622,   394.829,   377.860,   386.090
 390.498,   394.615,   395.821,   378.853,   387.083
 391.491,   395.607,   396.814,   379.846,   388.076
 392.484,   396.600,   397.807,   380.839,   389.069
 393.477,   397.593,   398.800,   381.831,   390.062
 394.470,   398.586,   399.793,   382.824,   391.055
 395.463,   399.579,   400.785,   383.817,   392.047
 396.455,   400.572,   401.778,   384.810,   393.040
 397.448,   401.564,   402.771,   385.803,   394.033
 398.441,   402.557,   403.764,   386.796,   395.026
 399.434,   403.550,   404.757,   387.789,   396.019
 400.427,   404.543,   405.750,   388.781,   397.012
 401.420,   405.536,   406.742,   389.774,   398.004
 402.412,   406.529,   407.735,   390.767,   398.997
 403.405,   407.521,   408.728,   391.760,   399.990
 404.398,   408.514,   409.721,   392.753,   400.983
 405.391,   409.507,   410.714,   393.745,   401.976
 406.384,   410.500,   411.707,   394.738,   402.969
 407.377,   411.493,   412.700,   395.731,   403.961
 408.369,   412.486,   413.692,   396.724,   404.954
 409.362,   413.478,   414.685,   397.717,   405.947
 410.355,   414.471,   415.678,   398.710,   406.940
 411.348,   415.464,   416.671,   399.702,   407.933
 412.341,   416.457,   417.664,   400.695,   408.926
 413.334,   417.450,   418.656,   401.688,   409.918
 414.326,   418.443,   419.649,   402.681,   410.911
 415.319,   419.435,   420.642,   403.674,   411.904
 416.312,   420.428,   421.635,   404.667,   412.897
 417.305,   421.421,   422.628,   405.660,   413.890
 418.298,   422.414,   423.621,   406.652,   414.883
 419.291,   423.407,   424.613,   407.645,   415.875
 420.283,   424.400,   425.606,   408.638,   416.868
 421.276,   425.392,   426.599,   409.631,   417.861
 422.269,   426.385,   427.592,   410.624,   418.854
 423.262,   427.378,   428.585,   411.616,   419.847
 424.255,   428.371,   429.578,   412.609,   420.840
 425.248,   429.364,   430.571,   413.602,   421.832
 426.240,   430.357,   431.563,   414.595,   422.825
 427.233,   431.349,   432.556,   415.588,   423.818
 428.226,   432.342,   433.549,   416.581,   424.811
 429.219,   433.335,   434.542,   417.573,   425.804
 430.212,   434.328,   435.535,   418.566,   426.797
 431.205,   435.321,   436.527,   419.559,   427.789
 432.197,   436.314,   437.520,   420.552,   428.782
 433.190,   437.306,   438.513,   421.545,   429.775
 434.183,   438.299,   439.506,   422.538,   430.768
 435.176,   439.292,   440.499,   423.531,   431.761
 436.169,   440.285,   441.492,   424.523,   432.754
 437.162,   441.278,   442.484,   425.516,   433.746
 438.154,   442.271,   443.477,   426.509,   434.739
 439.147,   443.263,   444.470,   427.502,   435.732
 440.140,   444.256,   445.463,   428.495,   436.725
 441.133,   445.249,   446.456,   429.487,   437.718
 442.126,   446.242,   447.449,   430.480,   438.711
 443.119,   447.235,   448.442,   431.473,   439.703
 444.111,   448.228,   449.434,   432.466,   440.696
 445.104,   449.220,   450.427,   433.459,   441.689
 446.097,   450.213,   451.420,   434.452,   442.682
 447.090,   451.206,   452.413,   435.444,   443.675
 448.083,   452.199,   453.406,   436.437,   444.668
 449.076,   453.192,   454.398,   437.430,   445.660
 450.068,   454.185,   455.391,   438.423,   446.653
 451.061,   455.177,   456.384,   439.416,   447.646
 452.054,   456.170,   457.377,   440.409,   448.639
 453.047,   457.163,   458.370,   441.401,   449.632
 454.040,   458.156,   459.363,   442.394,   450.625
 455.033,   459.149,   460.355,   443.387,   451.617
 456.025,   460.142,   461.348,   444.380,   452.610
 457.018,   461.134,   462.341,   445.373,   453.603
 458.011,   462.127,   463.334,   446.366,   454.596
 459.004,   463.120,   464.327,   447.358,   455.589
 459.997,   464.113,   465.320,   448.351,   456.582
 460.990,   465.106,   466.313,   449.344,   457.574
 461.982,   466.099,   467.305,   450.337,   458.567
 462.975,   467.091,   468.298,   451.330,   459.560
 463.968,   468.084,   469.291,   452.323,   460.553
 464.961,   469.077,   470.284,   453.315,   461.546
 465.954,   470.070,   471.277,   454.308,   462.539
 466.947,   471.063,   472.270,   455.301,   463.531
 467.939,   472.056,   473.262,   456.294,   464.524
 468.932,   473.048,   474.255,   457.287,   465.517
 469.925,   474.041,   475.248,   458.280,   466.510
 470.918,   475.034,   476.241,   459.272,   467.503
 471.911,   476.027,   477.234,   460.265,   468.496
 472.904,   477.020,   478.226,   461.258,   469.488
 473.896,   478.013,   479.219,   462.251,   470.481
 474.889,   479.005,   480.212,   463.244,   471.474
 475.882,   479.998,   481.205,   464.237,   472.467
 476.875,   480.991,   482.198,   465.229,   473.460
 477.868,   481.984,   483.191,   466.222,   474.453
 478.861,   482.977,   484.184,   467.215,   475.445
 479.853,   483.970,   485.176,   468.208,   476.438
 480.846,   484.962,   486.169,   469.201,   477.431
 481.839,   485.955,   487.162,   470.194,   478.424
 482.832,   486.948,   488.155,   471.186,   479.417
 483.825,   487.941,   489.148,   472.179,   480.410
 484.818,   488.934,   490.141,   473.172,   481.402
 485.810,   489.927,   491.133,   474.165,   482.395
 486.803,   490.919,   492.126,   475.158,   483.388
 487.796,   491.912,   493.119,   476.151,   484.381
 488.789,   492.905,   494.112,   477.143,   485.374
 489.782,   493.898,   495.105,   478.136,   486.367
 490.775,   494.891,   496.097,   479.129,   487.359
 491.767,   495.884,   497.090,   480.122,   488.352
 492.760,   496.876,   498.083,   481.115,   489.345
 493.753,   497.869,   499.076,   482.108,   490.338
 494.746,   498.862,   500.069,   483.100,   491.331
 495.739,   499.855,   501.062,   484.093,   492.324
 496.732,   500.848,   502.054,   485.086,   493.316
 497.724,   501.841,   503.047,   486.079,   494.309
 498.717,   502.833,   504.040,   487.072,   495.302
 499.710,   503.826,   505.033,   488.065,   496.295
 500.703,   504.819,   506.026,   489.057,   497.288
 501.696,   505.812,   507.019,   490.050,   498.281
 502.689,   506.805,   508.012,   491.043,   499.273
 503.681,   507.798,   509.004,   492.036,   500.266
 504.674,   508.790,   509.997,   493.029,   501.259
 505.667,   509.783,   510.990,   494.022,   502.252
 506.660,   510.776,   511.983,   495.014,   503.245
 507.653,   511.769,   512.976,   496.007,   504.238
 508.646,   512.762,   513.969,   497.000,   505.230
 509.638,   513.755,   514.961,   497.993,   506.223
 510.631,   514.747,   515.954,   498.986,   507.216
 511.624,   515.740,   516.947,   499.979,   508.209
 512.617,   516.733,   517.940,   500.971,   509.202
 513.610,   517.726,   518.933,   501.964,   510.195
 514.603,   518.719,   519.925,   502.957,   511.187
 515.596,   519.712,   520.918,   503.950,   512.180
 516.588,   520.704,   521.911,   504.943,   513.173
 517.581,   521.697,   522.904,   505.936,   514.166
 518.574,   522.690,   523.897,   506.929,   515.159
 519.567,   523.683,   524.890,   507.921,   516.152
 520.560,   524.676,   525.883,   508.914,   517.145
 521.553,   525.669,   526.875,   509.907,   518.137
 522.545,   526.661,   527.868,   510.900,   519.130
 523.538,   527.654,   528.861,   511.893,   520.123
 524.531,   528.647,   529.854,   512.886,   521.116
 525.524,   529.640,   530.847,   513.878,   522.109
 526.517,   530.633,   531.840,   514.871,   523.102
 527.510,   531.626,   532.832,   515.864,   524.094
 528.503,   532.619,   533.825,   516.857,   525.087
 529.495,   533.611,   534.818,   517.850,   526.080
 530.488,   534.604,   535.811,   518.843,   527.073
 531.481,   535.597,   536.804,   519.836,   528.066
 532.474,   536.590,   537.797,   520.828,   529.059
 533.467,   537.583,   538.790,   521.821,   530.052
 534.460,   538.576,   539.782,   522.814,   531.044
 535.452,   539.568,   540.775,   523.807,   532.037
 536.445,   540.561,   541.768,   524.800,   533.030
 537.438,   541.554,   542.761,   525.793,   534.023
 538.431,   542.547,   543.754,   526.785,   535.016
 539.424,   543.540,   544.747,   527.778,   536.009
 540.417,   544.533,   545.739,   528.771,   537.001
 541.409,   545.526,   546.732,   529.764,   537.994
 542.402,   546.518,   547.725,   530.757,   538.987
 543.395,   547.511,   548.718,   531.750,   539.980
 544.388,   548.504,   549.711,   532.742,   540.973
 545.381,   549.497,   550.704,   533.735,   541.966
 546.374,   550.490,   551.697,   534.728,   542.959
 547.367,   551.483,   552.689,   535.721,   543.951
 548.359,   552.475,   553.682,   536.714,   544.944
 549.352,   553.468,   554.675,   537.707,   545.937
 550.345,   554.461,   555.668,   538.700,   546.930
 551.338,   555.454,   556.661,   539.692,   547.923
 552.331,   556.447,   557.654,   540.685,   548.916
 553.324,   557.440,   558.646,   541.678,   549.908
 554.316,   558.433,   559.639,   542.671,   550.901
 555.309,   559.425,   560.632,   543.664,   551.894
 556.302,   560.418,   561.625,   544.657,   552.887
 557.295,   561.411,   562.618,   545.649,   553.880
 558.288,   562.404,   563.611,   546.642,   554.873
 559.281,   563.397,   564.604,   547.635,   555.866
 560.273,   564.390,   565.596,   548.628,   556.858
 561.266,   565.382,   566.589,   549.621,   557.851
 562.259,   566.375,   567.582,   550.614,   558.844
 563.252,   567.368,   568.575,   551.607,   559.837
 564.245,   568.361,   569.568,   552.599,   560.830
 565.238,   569.354,   570.561,   553.592,   561.823
 566.231,   570.347,   571.553,   554.585,   562.815
 567.223,   571.340,   572.546,   555.578,   563.808
 568.216,   572.332,   573.539,   556.571,   564.801
 569.209,   573.325,   574.532,   557.564,   565.794
 570.202,   574.318,   575.525,   558.556,   566.787
 571.195,   575.311,   576.518,   559.549,   567.780
 572.188,   576.304,   577.511,   560.542,   568.773
 573.180,   577.297,   578.503,   561.535,   569.765
 574.173,   578.289,   579.496,   562.528,   570.758
 575.166,   579.282,   580.489,   563.521,   571.751
 576.159,   580.275,   581.482,   564.513,   572.744
 577.152,   581.268,   582.475,   565.506,   573.737
 578.145,   582.261,   583.468,   566.499,   574.730
 579.138,   583.254,   584.460,   567.492,   575.722
 580.130,   584.247,   585.453,   568.485,   576.715
 581.123,   585.239,   586.446,   569.478,   577.708
 582.116,   586.232,   587.439,   570.471,   578.701
 583.109,   587.225,   588.432,   571.463,   579.694
 584.102,   588.218,   589.425,   572.456,   580.687
 585.095,   589.211,   590.418,   573.449,   581.680
 586.087,   590.204,   591.410,   574.442,   582.672
 587.080,   591.196,   592.403,   575.435,   583.665
 588.073,   592.189,   593.396,   576.428,   584.658
 589.066,   593.182,   594.389,   577.420,   585.651
 590.059,   594.175,   595.382,   578.413,   586.644
 591.052,   595.168,   596.375,   579.406,   587.637
 592.044,   596.161,   597.367,   580.399,   588.629
 593.037,   597.154,   598.360,   581.392,   589.622
 594.030,   598.146,   599.353,   582.385,   590.615
 595.023,   599.139,   600.346,   583.378,   591.608
 596.016,   600.132,   601.339,   584.370,   592.601
 597.009,   601.125,   602.332,   585.363,   593.594
 598.002,   602.118,   603.325,   586.356,   594.586
 598.994,   603.111,   604.317,   587.349,   595.579
 599.987,   604.103,   605.310,   588.342,   596.572
 600.980,   605.096,   606.303,   589.335,   597.565
 601.973,   606.089,   607.296,   590.327,   598.558
 602.966,   607.082,   608.289,   591.320,   599.551
 603.959,   608.075,   609.282,   592.313,   600.544
 604.951,   609.068,   610.274,   593.306,   601.536
 605.944,   610.060,   611.267,   594.299,   602.529
 606.937,   611.053,   612.260,   595.292,   603.522
 607.930,   612.046,   613.253,   596.285,   604.515
 608.923,   613.039,   614.246,   597.277,   605.508
 609.916,   614.032,   615.239,   598.270,   606.501
 610.909,   615.025,   616.232,   599.263,   607.493
 611.901,   616.018,   617.224,   600.256,   608.486
 612.894,   617.010,   618.217,   601.249,   609.479
 613.887,   618.003,   619.210,   602.242,   610.472
 614.880,   618.996,   620.203,   603.234,   611.465
 615.873,   619.989,   621.196,   604.227,   612.458
 616.866,   620.982,   622.189,   605.220,   613.451
 617.858,   621.975,   623.181,   606.213,   614.443
 618.851,   622.967,   624.174,   607.206,   615.436
 619.844,   623.960,   625.167,   608.199,   616.429
 620.837,   624.953,   626.160,   609.192,   617.422
 621.830,   625.946,   627.153,   610.184,   618.415
 622.823,   626.939,   628.146,   611.177,   619.408
 623.816,   627.932,   629.138,   612.170,   620.400
 624.808,   628.924,   630.131,   613.163,   621.393
 625.801,   629.917,   631.124,   614.156,   622.386
 626.794,   630.910,   632.117,   615.149,   623.379
 627.787,   631.903,   633.110,   616.141,   624.372
 628.780,   632.896,   634.103,   617.134,   625.365
 629.773,   633.889,   635.096,   618.127,   626.357
 630.765,   634.882,   636.088,   619.120,   627.350
 631.758,   635.874,   637.081,   620.113,   628.343
 632.751,   636.867,   638.074,   621.106,   629.336
 633.744,   637.860,   639.067,   622.099,   630.329
 634.737,   638.853,   640.060,   623.091,   631.322
 635.730,   639.846,   641.053,   624.084,   632.315
 636.723,   640.839,   642.045,   625.077,   633.307
 637.715,   641.831,   643.038,   626.070,   634.300
 638.708,   642.824,   644.031,   627.063,   635.293
 639.701,   643.817,   645.024,   628.056,   636.286
 640.694,   644.810,   646.017,   629.048,   637.279
 641.687,   645.803,   647.010,   630.041,   638.272
 642.680,   646.796,   648.003,   631.034,   639.264
 643.672,   647.789,   648.995,   632.027,   640.257
 644.665,   648.781,   649.988,   633.020,   641.250
 645.658,   649.774,   650.981,   634.013,   642.243
 646.651,   650.767,   651.974,   635.006,   643.236
 647.644,   651.760,   652.967,   635.998,   644.229
 648.637,   652.753,   653.960,   636.991,   645.221
 649.630,   653.746,   654.952,   637.984,   646.214
 650.622,   654.738,   655.945,   638.977,   647.207
 651.615,   655.731,   656.938,   639.970,   648.200
 652.608,   656.724,   657.931,   640.963,   649.193
 653.601,   657.717,   658.924,   641.955,   650.186
 654.594,   658.710,   659.917,   642.948,   651.179
 655.587,   659.703,   660.909,   643.941,   652.171
 656.579,   660.695,   661.902,   644.934,   653.164
 657.572,   661.688,   662.895,   645.927,   654.157
 658.565,   662.681,   663.888,   646.920,   655.150
 659.558,   663.674,   664.881,   647.913,   656.143
 660.551,   664.667,   665.874,   648.905,   657.136
 661.544,   665.660,   666.867,   649.898,   658.128
 662.537,   666.653,   667.859,   650.891,   659.121
 663.529,   667.645,   668.852,   651.884,   660.114
 664.522,   668.638,   669.845,   652.877,   661.107
 665.515,   669.631,   670.838,   653.870,   662.100
 666.508,   670.624,   671.831,   654.862,   663.093
 667.501,   671.617,   672.824,   655.855,   664.086
 668.494,   672.610,   673.816,   656.848,   665.078
 669.486,   673.602,   674.809,   657.841,   666.071
 670.479,   674.595,   675.802,   658.834,   667.064
 671.472,   675.588,   676.795,   659.827,   668.057
 672.465,   676.581,   677.788,   660.820,   669.050
 673.458,   677.574,   678.781,   661.812,   670.043
 674.451,   678.567,   679.773,   662.805,   671.035
 675.444,   679.560,   680.766,   663.798,   672.028
 676.436,   680.552,   681.759,   664.791,   673.021
 677.429,   681.545,   682.752,   665.784,   674.014
 678.422,   682.538,   683.745,   666.777,   675.007
 679.415,   683.531,   684.738,   667.769,   676.000
 680.408,   684.524,   685.731,   668.762,   676.993
 681.401,   685.517,   686.723,   669.755,   677.985
 682.393,   686.509,   687.716,   670.748,   678.978
 683.386,   687.502,   688.709,   671.741,   679.971
 684.379,   688.495,   689.702,   672.734,   680.964
 685.372,   689.488,   690.695,   673.727,   681.957
 686.365,   690.481,   691.688,   674.719,   682.950
 687.358,   691.474,   692.680,   675.712,   683.942
 688.351,   692.467,   693.673,   676.705,   684.935
 689.343,   693.459,   694.666,   677.698,   685.928
 690.336,   694.452,   695.659,   678.691,   686.921
 691.329,   695.445,   696.652,   679.684,   687.914
 692.322,   696.438,   697.645,   680.676,   688.907
 693.315,   697.431,   698.638,   681.669,   689.900
 694.308,   698.424,   699.630,   682.662,   690.892
 695.300,   699.417,   700.623,   683.655,   691.885
 696.293,   700.409,   701.616,   684.648,   692.878
 697.286,   701.402,   702.609,   685.641,   693.871
 698.279,   702.395,   703.602,   686.633,   694.864
 699.272,   703.388,   704.595,   687.626,   695.857
 700.265,   704.381,   705.587,   688.619,   696.849
 701.258,   705.374,   706.580,   689.612,   697.842
 702.250,   706.366,   707.573,   690.605,   698.835
 703.243,   707.359,   708.566,   691.598,   699.828
 704.236,   708.352,   709.559,   692.591,   700.821
 705.229,   709.345,   710.552,   693.583,   701.814
 706.222,   710.338,   711.545,   694.576,   702.807
 707.215,   711.331,   712.537,   695.569,   703.799
 708.207,   712.324,   713.530,   696.562,   704.792
 709.200,   713.316,   714.523,   697.555,   705.785
 710.193,   714.309,   715.516,   698.548,   706.778
 711.186,   715.302,   716.509,   699.540,   707.771
 712.179,   716.295,   717.502,   700.533,   708.764
 713.172,   717.288,   718.494,   701.526,   709.756
 714.164,   718.281,   719.487,   702.519,   710.749
 715.157,   719.273,   720.480,   703.512,   711.742
 716.150,   720.266,   721.473,   704.505,   712.735
 717.143,   721.259,   722.466,   705.497,   713.728
 718.136,   722.252,   723.459,   706.490,   714.721
 719.129,   723.245,   724.452,   707.483,   715.714
 720.122,   724.238,   725.444,   708.476,   716.706
 721.114,   725.231,   726.437,   709.469,   717.699
 722.107,   726.223,   727.430,   710.462,   718.692
 723.100,   727.216,   728.423,   711.455,   719.685
 724.093,   728.209,   729.416,   712.447,   720.678
 725.086,   729.202,   730.409,   713.440,   721.671
 726.079,   730.195,   731.401,   714.433,   722.663
 727.071,   731.188,   732.394,   715.426,   723.656
 728.064,   732.180,   733.387,   716.419,   724.649
 729.057,   733.173,   734.380,   717.412,   725.642
 730.050,   734.166,   735.373,   718.404,   726.635
 731.043,   735.159,   736.366,   719.397,   727.628
 732.036,   736.152,   737.359,   720.390,   728.621
 733.029,   737.145,   738.351,   721.383,   729.613
 734.021,   738.138,   739.344,   722.376,   730.606
 735.014,   739.130,   740.337,   723.369,   731.599
 736.007,   740.123,   741.330,   724.362,   732.592
 737.000,   741.116,   742.323,   725.354,   733.585
 737.993,   742.109,   743.316,   726.347,   734.578
 738.986,   743.102,   744.309,   727.340,   735.570
 739.978,   744.095,   745.301,   728.333,   736.563
 740.971,   745.087,   746.294,   729.326,   737.556
 741.964,   746.080,   747.287,   730.319,   738.549
 742.957,   747.073,   748.280,   731.311,   739.542
 743.950,   748.066,   749.273,   732.304,   740.535
 744.943,   749.059,   750.266,   733.297,   741.528
 745.935,   750.052,   751.258,   734.290,   742.520
 746.928,   751.044,   752.251,   735.283,   743.513
 747.921,   752.037,   753.244,   736.276,   744.506
 748.914,   753.030,   754.237,   737.268,   745.499
 749.907,   754.023,   755.230,   738.261,   746.492
 750.900,   755.016,   756.223,   739.254,   747.485
 751.893,   756.009,   757.216,   740.247,   748.477
 752.885,   757.002,   758.208,   741.240,   749.470
 753.878,   757.994,   759.201,   742.233,   750.463
 754.871,   758.987,   760.194,   743.226,   751.456
 755.864,   759.980,   761.187,   744.218,   752.449
 756.857,   760.973,   762.180,   745.211,   753.442
 757.850,   761.966,   763.173,   746.204,   754.435
 758.842,   762.959,   764.165,   747.197,   755.427
 759.835,   763.951,   765.158,   748.190,   756.420
 760.828,   764.944,   766.151,   749.183,   757.413
 761.821,   765.937,   767.144,   750.175,   758.406
 762.814,   766.930,   768.137,   751.168,   759.399
 763.807,   767.923,   769.130,   752.161,   760.392
 764.799,   768.916,   770.122,   753.154,   761.384
 765.792,   769.909,   771.115,   754.147,   762.377
 766.785,   770.901,   772.108,   755.140,   763.370
 767.778,   771.894,   773.144,   756.133,   764.363
 768.771,   772.887,   774.048,   757.125,   765.356
 769.764,   773.880,   774.600,   758.118,   766.349
 770.757,   774.873,   775.696,   759.111,   767.341
 771.749,   775.866,   776.526,   760.104,   768.334
 772.742,   776.858,   777.753,   761.097,   769.327
 773.735,   777.851,   778.796,   762.090,   770.320
 774.258,   778.844,   779.799,   763.082,   771.313
 775.443,   779.837,   780.986,   764.075,   772.306
 776.761,   780.830,   781.734,   765.068,   773.299
 777.736,   781.823,   782.278,   766.061,   774.291
 778.502,   783.182,   783.409,   767.054,   775.284
 779.618,   783.848,   784.603,   768.047,   776.277
 780.975,   785.057,   785.757,   769.040,   777.270
 781.449,   786.220,   786.904,   770.032,   778.263
 782.588,   787.029,   787.694,   771.025,   779.256
 783.343,   787.961,   788.491,   772.018,   780.248
 784.368,   788.528,   789.571,   773.011,   781.241
 785.757,   789.752,   790.580,   774.004,   782.234
 786.403,   790.542,   791.669,   774.997,   783.227
 787.273,   791.866,   792.422,   775.989,   784.220
 788.377,   792.876,   793.251,   776.982,   785.213
 789.442,   793.695,   794.563,   777.975,   786.206
 790.406,   794.518,   795.799,   778.968,   787.198
 791.515,   795.531,   796.346,   779.961,   788.191
 792.330,   796.590,   797.508,   780.954,   789.184
 793.398,   797.258,   798.128,   781.947,   790.177
 794.423,   798.742,   799.195,   782.939,   791.170
 795.392,   799.340,   800.750,   783.932,   792.163
 796.060,   800.577,   801.222,   784.925,   793.155
 797.530,   801.363,   801.979,   785.918,   794.148
 798.033,   802.357,   803.085,   786.911,   795.141
 799.488,   803.294,   804.237,   787.904,   796.134
 800.272,   804.102,   805.145,   788.896,   797.127
 801.209,   804.875,   806.198,   789.889,   798.120
 802.332,   806.309,   806.964,   790.882,   799.112
 803.229,   807.334,   808.067,   791.875,   800.105
 804.428,   808.332,   809.270,   792.868,   801.098
 805.403,   809.104,   810.005,   793.861,   802.091
 806.178,   809.823,   811.489,   794.854,   803.084
 807.120,   811.046,   812.049,   795.846,   804.077
 808.240,   812.116,   812.689,   796.839,   805.070
 809.123,   812.916,   814.122,   797.832,   806.062
 810.418,   813.891,   814.899,   798.825,   807.055
 811.075,   814.981,   815.686,   799.818,   808.048
 812.378,   815.925,   817.116,   800.811,   809.041
 813.198,   816.797,   817.750,   801.803,   810.034
 814.198,   817.436,   818.988,   802.796,   811.027
 815.408,   818.594,   819.831,   803.789,   812.019
 816.349,   819.814,   821.007,   804.782,   813.012
 817.372,   820.563,   821.380,   805.775,   814.005
 817.938,   821.558,   822.736,   806.768,   814.998
 819.033,   822.413,   823.899,   807.761,   815.991
 820.509,   823.436,   824.737,   808.753,   816.984
 821.427,   824.394,   825.696,   809.746,   817.977
 822.362,   825.495,   826.833,   810.739,   818.969
 823.123,   826.447,   827.729,   811.732,   819.962
 823.880,   827.711,   828.736,   812.725,   820.955
 825.117,   828.481,   829.610,   813.718,   821.948
 825.927,   829.492,   830.482,   814.710,   822.941
 826.962,   830.188,   831.625,   815.703,   823.934
 828.097,   831.694,   832.856,   816.696,   824.926
 828.966,   832.586,   833.663,   817.689,   825.919
 830.076,   833.181,   835.010,   818.682,   826.912
 830.835,   834.484,   835.743,   819.675,   827.905
 831.974,   835.464,   836.633,   820.668,   828.898
 832.938,   836.307,   837.455,   821.660,   829.891
 834.017,   837.160,   838.257,   822.653,   830.883
 834.622,   837.962,   839.968,   823.646,   831.876
 835.858,   839.247,   840.531,   824.639,   832.869
 836.894,   840.351,   841.636,   825.632,   833.862
 837.748,   841.427,   842.371,   826.625,   834.855
 838.641,   842.362,   843.399,   827.617,   835.848
 839.550,   842.952,   844.050,   828.610,   836.841
 840.667,   844.160,   845.668,   829.603,   837.833
 841.536,   845.337,   846.547,   830.596,   838.826
 842.312,   846.330,   847.074,   831.589,   839.819
 843.345,   847.133,   847.999,   832.582,   840.812
 844.521,   848.154,   849.177,   833.575,   841.805
 845.628,   849.017,   850.265,   834.567,   842.798
 846.506,   850.051,   851.223,   835.560,   843.790
 847.330,   851.044,   852.200,   836.553,   844.783
 848.473,   851.989,   853.339,   837.546,   845.776
 849.614,   852.671,   854.172,   838.539,   846.769
 850.751,   854.008,   855.069,   839.532,   847.762
 851.301,   854.963,   856.007,   840.524,   848.755
 852.303,   855.769,   856.594,   841.517,   849.748
 853.683,   856.770,   857.831,   842.510,   850.740
 854.314,   857.942,   859.133,   843.503,   851.733
 855.244,   858.887,   860.154,   844.496,   852.726
 856.524,   859.919,   861.007,   845.489,   853.719
 857.578,   860.515,   861.805,   846.482,   854.712
 858.332,   861.797,   862.861,   847.474,   855.705
 859.227,   862.642,   863.838,   848.155,   856.697
 860.167,   864.025,   864.534,   849.416,   857.801
 861.381,   864.889,   865.526,   850.392,   858.617
 862.248,   865.768,   866.829,   851.395,   859.920
 863.489,   867.004,   867.727,   852.520,   860.810
 864.257,   867.831,   868.574,   853.589,   861.911
 865.402,   869.289,   869.443,   854.456,   863.082
 866.465,   869.960,   870.493,   855.494,   863.818
 867.441,   870.964,   871.507,   856.686,   864.895
 868.628,   871.969,   872.626,   857.547,   865.898
 869.311,   872.784,   873.820,   858.664,   867.029
 870.671,   873.685,   874.494,   859.530,   868.092
 871.241,   874.799,   875.588,   860.671,   868.638
 872.356,   875.781,   876.203,   861.745,   869.945
 873.349,   876.866,   877.172,   862.543,   870.571
 874.091,   877.768,   878.424,   863.785,   871.740
 875.351,   878.785,   879.912,   864.584,   872.471
 876.249,   879.783,   880.279,   866.095,   873.893
 877.305,   880.677,   881.698,   866.872,   874.762
 878.126,   881.762,   882.162,   868.112,   875.364
 879.094,   882.879,   883.183,   869.013,   876.599
 880.259,   883.767,   884.533,   869.834,   877.336
 881.454,   884.461,   885.596,   871.005,   878.256
 882.008,   885.632,   886.024,   872.157,   879.265
 883.034,   886.536,   887.334,   873.118,   880.492
 884.421,   887.622,   888.070,   874.094,   881.586
 885.171,   888.424,   889.296,   875.133,   882.431
 886.094,   889.496,   890.154,   876.079,   883.397
 887.158,   890.374,   891.150,   877.150,   884.484
 888.020,   891.237,   892.182,   878.104,   885.448
 889.056,   892.456,   893.679,   879.188,   886.065
 890.139,   893.117,   894.605,   880.078,   887.093
 890.885,   894.328,   895.564,   881.099,   888.475
 891.976,   895.092,   896.327,   882.324,   889.586
 893.131,   896.454,   897.574,   883.581,   890.235
 894.056,   897.359,   898.458,   884.465,   891.220
 894.973,   898.364,   899.249,   885.556,   892.438
 896.046,   899.250,   900.165,   886.154,   893.514
 897.318,   900.101,   901.283,   887.185,   894.398
 897.858,   901.198,   902.112,   888.339,   895.337
 898.994,   902.317,   903.351,   889.381,   896.196
 899.926,   903.337,   904.226,   890.371,   897.250
 901.028,   904.167,   905.518,   891.354,   898.219
 901.897,   905.110,   906.173,   892.308,   899.150
 902.954,   906.087,   907.287,   893.306,   900.483
 903.832,   907.115,   908.259,   894.258,   901.300
 905.252,   907.791,   909.391,   895.220,   902.177
 905.943,   909.158,   910.168,   896.102,   903.272
 906.692,   910.120,   911.102,   897.045,   904.340
 907.956,   911.115,   911.967,   898.125,   905.501
 908.834,   912.152,   913.094,   899.655,   906.208
 909.876,   912.984,   914.088,   900.494,   907.391
 910.462,   914.110,   915.216,   901.629,   908.048
 911.634,   915.494,   915.973,   902.527,   909.269
 913.142,   916.092,   917.153,   903.427,   910.148
 913.450,   917.097,   918.040,   904.662,   910.943
 914.397,   918.206,   918.933,   905.385,   912.348
 915.741,   919.125,   919.750,   906.464,   913.047
 916.795,   920.028,   921.232,   907.252,   913.981
 917.894,   920.961,   921.988,   908.568,   915.091
 918.826,   922.080,   922.973,   909.448,   915.805
 919.875,   923.062,   923.834,   910.718,   916.782
 920.852,   923.858,   924.874,   911.676,   917.720
 921.977,   924.997,   926.103,   912.480,   918.786
 922.255,   925.888,   926.858,   913.412,   919.908
 923.439,   926.832,   927.817,   914.462,   920.936
 924.683,   927.831,   928.851,   915.438,   921.732
 925.479,   928.911,   929.823,   916.691,   922.585
 926.849,   929.494,   930.929,   917.666,   923.854
 927.565,   930.755,   931.498,   918.639,   925.024
 928.523,   931.429,   932.518,   919.602,   925.796
 929.301,   932.804,   933.681,   920.707,   926.717
 930.491,   933.568,   934.684,   921.602,   927.832
 931.331,   934.437,   935.763,   922.438,   928.839
 932.004,   935.650,   936.687,   923.987,   930.074
 933.092,   936.535,   937.895,   924.950,   931.109
 934.105,   937.402,   938.580,   925.805,   931.929
 935.449,   938.675,   939.472,   926.610,   932.768
 936.213,   939.536,   940.808,   927.542,   933.800
 937.079,   940.491,   941.798,   928.595,   934.610
 938.191,   941.465,   942.530,   929.686,   935.869
 939.277,   942.348,   943.768,   930.816,   937.017
 940.202,   943.292,   944.281,   931.963,   938.091
 941.184,   944.380,   945.493,   932.795,   938.938
 942.291,   945.367,   946.697,   933.814,   939.927
 943.170,   946.167,   947.505,   934.889,   940.723
 944.447,   947.577,   948.509,   935.837,   941.898
 945.114,   948.006,   949.301,   936.786,   942.980
 946.375,   949.210,   950.540,   937.839,   943.850
 947.020,   950.339,   951.586,   938.977,   944.503
 948.289,   951.128,   952.696,   939.978,   945.792
 949.085,   952.220,   953.880,   940.853,   946.928
 950.392,   953.262,   954.187,   941.911,   947.814
 951.416,   954.038,   955.427,   943.050,   948.768
 952.204,   955.129,   956.437,   943.783,   949.873
 953.451,   956.111,   957.516,   945.159,   951.224
 954.383,   957.355,   958.421,   946.056,   951.879
 955.077,   957.990,   959.371,   946.947,   953.012
 956.597,   959.278,   960.471,   948.029,   954.005
 957.609,   959.913,   961.603,   949.316,   954.913
 958.787,   961.055,   962.434,   950.073,   956.137
 959.669,   961.823,   963.608,   951.161,   956.794
 960.469,   962.976,   964.465,   952.298,   957.777
 961.236,   963.871,   965.752,   953.366,   958.848
 962.265,   964.812,   966.113,   954.047,   959.953
 963.761,   965.945,   967.197,   955.102,   960.967
 964.558,   966.868,   968.795,   955.837,   961.784
 965.510,   968.136,   969.304,   957.010,   962.523
 966.552,   969.075,   969.937,   958.075,   963.554
 967.792,   969.951,   971.429,   959.218,   965.245
 968.217,   970.839,   972.461,   960.132,   965.961
 969.452,   971.869,   973.614,   961.240,   967.093
 970.441,   972.631,   974.310,   962.310,   967.812
 971.762,   973.783,   975.779,   963.001,   968.852
 972.747,   974.988,   976.704,   964.246,   969.925
 973.453,   975.866,   977.449,   965.199,   970.895
 974.566,   976.564,   978.377,   966.216,   972.113
 975.688,   977.776,   979.162,   967.041,   972.978
 976.335,   978.804,   980.112,   968.338,   973.914
 977.411,   979.566,   981.404,   969.183,   975.031
 978.638,   980.733,   982.436,   970.126,   976.091
 979.655,   981.620,   983.579,   970.977,   977.142
 980.681,   982.741,   984.579,   971.912,   978.035
 981.533,   983.811,   985.751,   973.305,   979.089
 982.369,   984.519,   986.592,   974.339,   979.949
 983.441,   985.586,   987.957,   975.445,   980.753
 984.794,   986.420,   988.822,   976.427,   981.968
 985.367,   987.547,   989.476,   977.505,   983.065
 986.613,   988.658,   990.447,   978.462,   984.165
 987.600,   989.738,   991.771,   979.760,   984.811
 988.323,   990.454,   992.772,   980.774,   986.149
 989.319,   991.257,   993.801,   981.784,   986.898
 990.667,   992.438,   994.445,   982.732,   988.150
 991.224,   993.437,   995.302,   983.274,   989.198
 992.345,   994.363,   996.454,   984.974,   990.082
 993.425,   995.296,   997.628,   985.675,   990.799
 994.120,   996.479,   998.375,   986.807,   992.035
 995.411,   997.366,   999.854,   987.559,   993.012
 996.451,   998.417,  1000.480,   988.648,   994.188
 997.358,   999.221,  1001.740,   989.656,   995.517
 998.460,  1000.300,  1002.590,   990.616,   996.317
 999.351,  1001.540,  1003.780,   991.490,   997.401
1000.320,  1002.160,  1004.550,   992.522,   998.147
1001.320,  1003.130,  1005.500,   993.379,   999.000
1002.330,  1004.070,  1006.800,   994.546,  1000.290
1003.550,  1005.100,  1007.840,   995.492,  1001.260
1004.160,  1006.300,  1008.600,   996.911,  1002.420
1005.170,  1007.130,  1009.410,   997.361,  1003.470
1006.370,  1008.340,  1010.820,   998.429,  1004.400
1007.720,  1009.080,  1011.520,   999.585,  1005.250
1008.550,  1009.940,  1012.700,  1000.710,  1006.120
1009.540,  1011.120,  1013.760,  1002.030,  1007.270
1010.530,  1012.150,  1014.770,  1002.970,  1008.290
1011.500,  1013.080,  1015.870,  1003.600,  1009.190
1012.310,  1014.360,  1016.790,  1004.830,  1010.350
1013.420,  1015.130,  1017.390,  1005.800,  1010.980
1014.290,  1016.250,  1018.450,  1006.760,  1011.980
1015.390,  1017.290,  1019.680,  1007.750,  1012.920
1016.360,  1018.310,  1020.570,  1008.960,  1014.160
1017.440,  1018.920,  1021.700,  1010.170,  1014.710
