2018 Testbeam Scan4 timing data
 Module1    Module2    Module3    Module4    Module5
   2.227,     6.784,     7.541,    -9.315,    -2.182
   3.158,     7.686,     8.526,    -8.046,    -1.468
   4.208,     8.620,     9.387,    -7.087,    -0.491
   5.185,     9.738,    10.427,    -6.284,     0.447
   6.309,    10.720,    11.657,    -5.352,     1.512
   6.588,    11.517,    12.411,    -4.302,     2.635
   7.771,    12.655,    13.370,    -3.325,     3.663
   9.015,    13.546,    14.404,    -2.072,     4.459
   9.812,    14.491,    15.376,    -1.097,     5.311
  11.181,    15.489,    16.482,    -0.124,     6.581
  11.898,    16.570,    17.052,     0.839,     7.751
  12.855,    17.152,    18.072,     1.943,     8.523
  13.634,    18.413,    19.234,     2.838,     9.444
  14.824,    19.088,    20.237,     3.675,    10.559
  15.663,    20.463,    21.317,     5.223,    11.566
  16.336,    21.227,    22.241,     6.186,    12.801
  17.424,    22.095,    23.449,     7.041,    13.836
  18.438,    23.309,    24.134,     7.846,    14.655
  19.782,    24.193,    25.025,     8.778,    15.495
  20.546,    25.060,    26.361,     9.831,    16.527
  21.412,    26.334,    27.351,    10.923,    17.337
  22.523,    27.194,    28.084,    12.052,    18.596
  23.610,    28.149,    29.322,    13.199,    19.744
  24.535,    29.123,    29.834,    14.031,    20.817
  25.516,    30.006,    31.047,    15.050,    21.665
  26.624,    30.951,    32.250,    16.125,    22.654
  27.502,    32.038,    33.058,    17.073,    23.450
  28.779,    33.025,    34.062,    18.023,    24.625
  29.446,    33.826,    34.855,    19.075,    25.707
  30.708,    35.235,    36.094,    20.214,    26.577
  31.352,    35.665,    37.139,    21.215,    27.230
  32.621,    36.869,    38.249,    22.089,    28.519
  33.417,    37.998,    39.433,    23.147,    29.655
  34.724,    38.787,    39.740,    24.286,    30.541
  35.749,    39.878,    40.980,    25.019,    31.495
  36.536,    40.920,    41.990,    26.395,    32.599
  37.783,    41.696,    43.069,    27.292,    33.950
  38.715,    42.787,    43.975,    28.184,    34.606
  39.409,    43.770,    44.925,    29.265,    35.739
  40.929,    45.014,    46.024,    30.553,    36.731
  41.942,    45.649,    47.156,    31.310,    37.640
  43.119,    46.936,    47.987,    32.398,    38.864
  44.002,    47.571,    49.161,    33.534,    39.521
  44.801,    48.713,    50.018,    34.602,    40.504
  45.569,    49.481,    51.305,    35.283,    41.575
  46.598,    50.635,    51.666,    36.338,    42.680
  48.094,    51.529,    52.751,    37.074,    43.694
  48.891,    52.470,    54.348,    38.246,    44.511
  49.842,    53.603,    54.858,    39.311,    45.250
  50.885,    54.526,    55.490,    40.454,    46.281
  52.124,    55.795,    56.982,    41.368,    47.972
  52.549,    56.733,    58.014,    42.477,    48.688
  53.785,    57.610,    59.168,    43.546,    49.820
  54.773,    58.498,    59.864,    44.237,    50.539
  56.094,    59.527,    61.332,    45.482,    51.579
  57.080,    60.289,    62.258,    46.436,    52.651
  57.785,    61.441,    63.002,    47.453,    53.622
  58.899,    62.647,    63.931,    48.277,    54.840
  60.020,    63.524,    64.716,    49.575,    55.705
  60.668,    64.223,    65.665,    50.419,    56.641
  61.744,    65.435,    66.957,    51.362,    57.758
  62.971,    66.462,    67.989,    52.213,    58.818
  63.987,    67.225,    69.132,    53.149,    59.869
  65.014,    68.391,    70.132,    54.541,    60.762
  65.866,    69.278,    71.304,    55.575,    61.815
  66.702,    70.400,    72.145,    56.681,    62.675
  67.774,    71.469,    73.511,    57.663,    63.480
  69.126,    72.177,    74.375,    58.741,    64.695
  69.700,    73.245,    75.029,    59.698,    65.792
  70.946,    74.079,    76.001,    60.996,    66.892
  71.933,    75.205,    77.325,    62.010,    67.538
  72.656,    76.317,    78.325,    63.020,    68.876
  73.651,    77.397,    79.354,    63.969,    69.625
  75.000,    78.113,    79.998,    64.510,    70.877
  75.557,    78.916,    80.855,    66.210,    71.924
  76.677,    80.097,    82.007,    66.911,    72.809
  77.758,    81.096,    83.182,    68.043,    73.526
  78.453,    82.022,    83.928,    68.796,    74.762
  79.744,    82.954,    85.407,    69.884,    75.739
  80.784,    84.138,    86.037,    70.893,    76.914
  81.691,    85.024,    87.289,    71.853,    78.244
  82.793,    86.075,    88.141,    72.726,    79.044
  83.684,    86.879,    89.330,    73.758,    80.127
  84.653,    87.962,    90.105,    74.615,    80.873
  85.649,    89.200,    91.052,    75.782,    81.727
  86.661,    89.820,    92.357,    76.728,    83.018
  87.886,    90.792,    93.396,    78.148,    83.991
  88.494,    91.728,    94.156,    78.597,    85.148
  89.504,    92.761,    94.962,    79.665,    86.199
  90.702,    93.963,    96.374,    80.822,    87.122
  92.055,    94.791,    97.077,    81.945,    87.979
  92.878,    96.001,    98.258,    83.262,    88.844
  93.869,    96.736,    99.310,    84.209,    89.993
  94.860,    97.594,   100.328,    84.840,    91.020
  95.836,    98.777,   101.421,    86.064,    91.919
  96.643,    99.808,   102.347,    87.033,    93.076
  97.753,   100.740,   102.939,    87.993,    93.711
  98.626,   102.023,   104.007,    88.991,    94.709
  99.727,   102.789,   105.237,    90.198,    95.649
 100.693,   103.904,   106.122,    91.403,    96.884
 101.768,   104.952,   107.253,    92.468,    97.437
 102.329,   105.967,   107.962,    93.112,    98.842
 103.345,   106.579,   109.055,    94.535,    99.739
 104.581,   108.031,   110.028,    95.220,   100.696
 105.696,   108.699,   111.021,    96.263,   101.644
 106.610,   109.741,   112.014,    97.156,   102.644
 107.660,   110.784,   113.007,    98.355,   103.761
 108.749,   111.624,   114.000,    99.187,   104.679
 109.541,   112.689,   114.992,   100.534,   105.826
 110.711,   113.655,   115.985,   101.151,   106.735
 111.337,   114.615,   116.978,   102.461,   107.935
 112.330,   115.574,   117.971,   103.250,   108.801
 113.323,   116.667,   118.964,   104.587,   109.958
 114.316,   117.569,   119.957,   105.121,   111.017
 115.309,   118.739,   120.950,   106.040,   112.016
 116.302,   119.417,   121.942,   107.231,   112.921
 117.294,   120.570,   122.935,   107.969,   114.026
 118.287,   121.562,   123.928,   109.008,   115.072
 119.280,   122.555,   124.921,   110.299,   115.963
 120.273,   123.548,   125.914,   111.419,   116.825
 121.266,   124.541,   126.907,   112.401,   117.765
 122.259,   125.534,   127.899,   113.216,   119.138
 123.251,   126.527,   128.892,   114.353,   120.103
 124.244,   127.519,   129.885,   115.232,   121.069
 125.237,   128.512,   130.878,   116.392,   121.896
 126.230,   129.505,   131.871,   117.208,   122.940
 127.223,   130.498,   132.864,   118.363,   124.319
 128.216,   131.491,   133.856,   119.021,   125.085
 129.208,   132.484,   134.849,   120.184,   126.058
 130.201,   133.476,   135.842,   121.169,   127.035
 131.194,   134.469,   136.835,   122.103,   128.455
 132.187,   135.462,   137.828,   123.504,   128.994
 133.180,   136.455,   138.821,   124.090,   130.322
 134.173,   137.448,   139.813,   125.067,   131.086
 135.165,   138.441,   140.806,   126.174,   132.179
 136.158,   139.433,   141.799,   127.134,   133.005
 137.151,   140.426,   142.792,   127.888,   133.779
 138.144,   141.419,   143.785,   129.062,   134.858
 139.137,   142.412,   144.778,   129.899,   135.862
 140.130,   143.405,   145.770,   131.127,   136.828
 141.122,   144.398,   146.763,   131.753,   138.262
 142.115,   145.390,   147.756,   132.866,   138.997
 143.108,   146.383,   148.749,   134.008,   139.592
 144.101,   147.376,   149.742,   135.346,   140.964
 145.094,   148.369,   150.735,   136.122,   142.058
 146.087,   149.362,   151.727,   136.986,   142.963
 147.080,   150.355,   152.720,   138.018,   144.194
 148.072,   151.347,   153.713,   139.311,   144.707
 149.065,   152.340,   154.706,   140.280,   145.952
 150.058,   153.333,   155.699,   141.228,   146.897
 151.051,   154.326,   156.692,   142.051,   148.011
 152.044,   155.319,   157.685,   143.121,   148.994
 153.037,   156.312,   158.677,   144.123,   150.325
 154.029,   157.305,   159.670,   145.037,   151.252
 155.022,   158.297,   160.663,   146.062,   152.069
 156.015,   159.290,   161.656,   147.301,   153.036
 157.008,   160.283,   162.649,   148.077,   153.951
 158.001,   161.276,   163.642,   148.840,   155.104
 158.994,   162.269,   164.634,   150.007,   156.251
 159.986,   163.262,   165.627,   150.621,   156.983
 160.979,   164.254,   166.620,   151.869,   158.521
 161.972,   165.247,   167.613,   152.726,   159.285
 162.965,   166.240,   168.606,   153.750,   160.281
 163.958,   167.233,   169.599,   154.917,   161.185
 164.951,   168.226,   170.591,   156.018,   162.265
 165.943,   169.219,   171.584,   156.909,   163.326
 166.936,   170.211,   172.577,   158.104,   164.248
 167.929,   171.204,   173.570,   158.915,   165.171
 168.922,   172.197,   174.563,   160.143,   166.280
 169.915,   173.190,   175.556,   160.761,   167.255
 170.908,   174.183,   176.548,   161.837,   168.078
 171.900,   175.176,   177.541,   162.822,   169.090
 172.893,   176.168,   178.534,   164.065,   170.104
 173.886,   177.161,   179.527,   164.983,   171.412
 174.879,   178.154,   180.520,   166.161,   172.053
 175.872,   179.147,   181.513,   166.798,   173.227
 176.865,   180.140,   182.505,   168.047,   174.247
 177.858,   181.133,   183.498,   169.191,   175.107
 178.850,   182.125,   184.491,   169.681,   176.340
 179.843,   183.118,   185.484,   171.093,   177.032
 180.836,   184.111,   186.477,   171.952,   178.467
 181.829,   185.104,   187.470,   172.769,   178.962
 182.822,   186.097,   188.463,   173.995,   180.067
 183.815,   187.090,   189.455,   174.800,   181.205
 184.807,   188.083,   190.448,   175.890,   182.117
 185.800,   189.075,   191.441,   176.768,   183.084
 186.793,   190.068,   192.434,   177.742,   184.268
 187.786,   191.061,   193.427,   178.784,   185.157
 188.779,   192.054,   194.420,   179.983,   186.371
 189.772,   193.047,   195.412,   180.896,   187.072
 190.764,   194.040,   196.405,   181.883,   187.944
 191.757,   195.032,   197.398,   182.870,   189.314
 192.750,   196.025,   198.391,   184.008,   190.159
 193.743,   197.018,   199.384,   184.933,   191.176
 194.736,   198.011,   200.377,   185.700,   192.346
 195.729,   199.004,   201.369,   186.757,   193.362
 196.721,   199.997,   202.362,   187.750,   194.055
 197.714,   200.990,   203.355,   188.743,   195.220
 198.707,   201.982,   204.348,   189.735,   196.213
 199.700,   202.975,   205.341,   190.728,   197.206
 200.693,   203.968,   206.334,   191.721,   198.199
 201.686,   204.961,   207.326,   192.714,   199.192
 202.678,   205.954,   208.319,   193.707,   200.185
 203.671,   206.947,   209.312,   194.700,   201.178
 204.664,   207.939,   210.305,   195.693,   202.170
 205.657,   208.932,   211.298,   196.685,   203.163
 206.650,   209.925,   212.291,   197.678,   204.156
 207.643,   210.918,   213.283,   198.671,   205.149
 208.636,   211.911,   214.276,   199.664,   206.142
 209.628,   212.904,   215.269,   200.657,   207.135
 210.621,   213.896,   216.262,   201.650,   208.127
 211.614,   214.889,   217.255,   202.642,   209.120
 212.607,   215.882,   218.248,   203.635,   210.113
 213.600,   216.875,   219.241,   204.628,   211.106
 214.593,   217.868,   220.233,   205.621,   212.099
 215.585,   218.861,   221.226,   206.614,   213.092
 216.578,   219.853,   222.219,   207.607,   214.084
 217.571,   220.846,   223.212,   208.599,   215.077
 218.564,   221.839,   224.205,   209.592,   216.070
 219.557,   222.832,   225.198,   210.585,   217.063
 220.550,   223.825,   226.190,   211.578,   218.056
 221.543,   224.818,   227.183,   212.571,   219.049
 222.535,   225.810,   228.176,   213.564,   220.041
 223.528,   226.803,   229.169,   214.556,   221.034
 224.521,   227.796,   230.162,   215.549,   222.027
 225.514,   228.789,   231.155,   216.542,   223.020
 226.507,   229.782,   232.148,   217.535,   224.013
 227.500,   230.775,   233.140,   218.528,   225.006
 228.492,   231.768,   234.133,   219.521,   225.998
 229.485,   232.760,   235.126,   220.513,   226.991
 230.478,   233.753,   236.119,   221.506,   227.984
 231.471,   234.746,   237.112,   222.499,   228.977
 232.464,   235.739,   238.105,   223.492,   229.970
 233.457,   236.732,   239.097,   224.485,   230.963
 234.449,   237.725,   240.090,   225.478,   231.956
 235.442,   238.717,   241.083,   226.471,   232.948
 236.435,   239.710,   242.076,   227.463,   233.941
 237.428,   240.703,   243.069,   228.456,   234.934
 238.421,   241.696,   244.062,   229.449,   235.927
 239.414,   242.689,   245.054,   230.442,   236.920
 240.406,   243.682,   246.047,   231.435,   237.913
 241.399,   244.674,   247.040,   232.428,   238.905
 242.392,   245.667,   248.033,   233.420,   239.898
 243.385,   246.660,   249.026,   234.413,   240.891
 244.378,   247.653,   250.019,   235.406,   241.884
 245.371,   248.646,   251.011,   236.399,   242.877
 246.363,   249.639,   252.004,   237.392,   243.870
 247.356,   250.631,   252.997,   238.385,   244.863
 248.349,   251.624,   253.990,   239.377,   245.855
 249.342,   252.617,   254.983,   240.370,   246.848
 250.335,   253.610,   255.976,   241.363,   247.841
 251.328,   254.603,   256.968,   242.356,   248.834
 252.320,   255.596,   257.961,   243.349,   249.827
 253.313,   256.588,   258.954,   244.342,   250.820
 254.306,   257.581,   259.947,   245.334,   251.812
 255.299,   258.574,   260.940,   246.327,   252.805
 256.292,   259.567,   261.933,   247.320,   253.798
 257.285,   260.560,   262.926,   248.313,   254.791
 258.278,   261.553,   263.918,   249.306,   255.784
 259.270,   262.546,   264.911,   250.299,   256.776
 260.263,   263.538,   265.904,   251.291,   257.769
 261.256,   264.531,   266.897,   252.284,   258.762
 262.249,   265.524,   267.890,   253.277,   259.755
 263.242,   266.517,   268.882,   254.270,   260.748
 264.234,   267.510,   269.875,   255.263,   261.741
 265.227,   268.503,   270.868,   256.256,   262.734
 266.220,   269.495,   271.861,   257.248,   263.726
 267.213,   270.488,   272.854,   258.241,   264.719
 268.206,   271.481,   273.847,   259.234,   265.712
 269.199,   272.474,   274.839,   260.227,   266.705
 270.191,   273.467,   275.832,   261.220,   267.698
 271.184,   274.460,   276.825,   262.213,   268.691
 272.177,   275.452,   277.818,   263.205,   269.683
 273.170,   276.445,   278.811,   264.198,   270.676
 274.163,   277.438,   279.804,   265.191,   271.669
 275.156,   278.431,   280.797,   266.184,   272.662
 276.149,   279.424,   281.789,   267.177,   273.655
 277.141,   280.417,   282.782,   268.170,   274.648
 278.134,   281.409,   283.775,   269.162,   275.640
 279.127,   282.402,   284.768,   270.155,   276.633
 280.120,   283.395,   285.761,   271.148,   277.626
 281.113,   284.388,   286.753,   272.141,   278.619
 282.105,   285.381,   287.746,   273.134,   279.612
 283.098,   286.374,   288.739,   274.127,   280.605
 284.091,   287.366,   289.732,   275.119,   281.597
 285.084,   288.359,   290.725,   276.112,   282.590
 286.077,   289.352,   291.718,   277.105,   283.583
 287.070,   290.345,   292.710,   278.098,   284.576
 288.062,   291.338,   293.703,   279.091,   285.569
 289.055,   292.331,   294.696,   280.084,   286.562
 290.048,   293.323,   295.689,   281.076,   287.554
 291.041,   294.316,   296.682,   282.069,   288.547
 292.034,   295.309,   297.675,   283.062,   289.540
 293.027,   296.302,   298.668,   284.055,   290.533
 294.020,   297.295,   299.660,   285.048,   291.526
 295.012,   298.287,   300.653,   286.041,   292.518
 296.005,   299.280,   301.646,   287.033,   293.511
 296.998,   300.273,   302.639,   288.026,   294.504
 297.991,   301.266,   303.632,   289.019,   295.497
 298.984,   302.259,   304.624,   290.012,   296.490
 299.977,   303.252,   305.617,   291.005,   297.483
 300.969,   304.245,   306.610,   291.998,   298.476
 301.962,   305.237,   307.603,   292.990,   299.468
 302.955,   306.230,   308.596,   293.983,   300.461
 303.948,   307.223,   309.589,   294.976,   301.454
 304.941,   308.216,   310.581,   295.969,   302.447
 305.933,   309.209,   311.574,   296.962,   303.440
 306.926,   310.202,   312.567,   297.955,   304.433
 307.919,   311.194,   313.560,   298.947,   305.425
 308.912,   312.187,   314.553,   299.940,   306.418
 309.905,   313.180,   315.546,   300.933,   307.411
 310.898,   314.173,   316.538,   301.926,   308.404
 311.891,   315.166,   317.531,   302.919,   309.397
 312.883,   316.158,   318.524,   303.912,   310.390
 313.876,   317.151,   319.517,   304.904,   311.382
 314.869,   318.144,   320.510,   305.897,   312.375
 315.862,   319.137,   321.503,   306.890,   313.368
 316.855,   320.130,   322.495,   307.883,   314.361
 317.848,   321.123,   323.488,   308.876,   315.354
 318.840,   322.116,   324.481,   309.869,   316.347
 319.833,   323.108,   325.474,   310.861,   317.339
 320.826,   324.101,   326.467,   311.854,   318.332
 321.819,   325.094,   327.460,   312.847,   319.325
 322.812,   326.087,   328.452,   313.840,   320.318
 323.804,   327.080,   329.445,   314.833,   321.311
 324.797,   328.073,   330.438,   315.826,   322.304
 325.790,   329.065,   331.431,   316.818,   323.296
 326.783,   330.058,   332.424,   317.811,   324.289
 327.776,   331.051,   333.417,   318.804,   325.282
 328.769,   332.044,   334.409,   319.797,   326.275
 329.762,   333.037,   335.402,   320.790,   327.268
 330.754,   334.029,   336.395,   321.783,   328.260
 331.747,   335.022,   337.388,   322.775,   329.253
 332.740,   336.015,   338.381,   323.768,   330.246
 333.733,   337.008,   339.374,   324.761,   331.239
 334.726,   338.001,   340.366,   325.754,   332.232
 335.719,   338.994,   341.359,   326.747,   333.225
 336.711,   339.987,   342.352,   327.740,   334.217
 337.704,   340.979,   343.345,   328.732,   335.210
 338.697,   341.972,   344.338,   329.725,   336.203
 339.690,   342.965,   345.331,   330.718,   337.196
 340.683,   343.958,   346.323,   331.711,   338.189
 341.675,   344.951,   347.316,   332.704,   339.182
 342.668,   345.944,   348.309,   333.697,   340.175
 343.661,   346.936,   349.302,   334.689,   341.167
 344.654,   347.929,   350.295,   335.682,   342.160
 345.647,   348.922,   351.288,   336.675,   343.153
 346.640,   349.915,   352.280,   337.668,   344.146
 347.632,   350.908,   353.273,   338.661,   345.139
 348.625,   351.900,   354.266,   339.654,   346.132
 349.618,   352.893,   355.259,   340.646,   347.124
 350.611,   353.886,   356.252,   341.639,   348.117
 351.604,   354.879,   357.245,   342.632,   349.110
 352.597,   355.872,   358.237,   343.625,   350.103
 353.590,   356.865,   359.230,   344.618,   351.096
 354.582,   357.858,   360.223,   345.611,   352.089
 355.575,   358.850,   361.216,   346.603,   353.081
 356.568,   359.843,   362.209,   347.596,   354.074
 357.561,   360.836,   363.202,   348.589,   355.067
 358.554,   361.829,   364.194,   349.582,   356.060
 359.546,   362.822,   365.187,   350.575,   357.053
 360.539,   363.815,   366.180,   351.568,   358.046
 361.532,   364.807,   367.173,   352.560,   359.038
 362.525,   365.800,   368.166,   353.553,   360.031
 363.518,   366.793,   369.159,   354.546,   361.024
 364.511,   367.786,   370.151,   355.539,   362.017
 365.503,   368.779,   371.144,   356.532,   363.010
 366.496,   369.771,   372.137,   357.525,   364.003
 367.489,   370.764,   373.130,   358.517,   364.995
 368.482,   371.757,   374.123,   359.510,   365.988
 369.475,   372.750,   375.116,   360.503,   366.981
 370.468,   373.743,   376.108,   361.496,   367.974
 371.461,   374.736,   377.101,   362.489,   368.967
 372.453,   375.729,   378.094,   363.482,   369.959
 373.446,   376.721,   379.087,   364.474,   370.952
 374.439,   377.714,   380.080,   365.467,   371.945
 375.432,   378.707,   381.073,   366.460,   372.938
 376.425,   379.700,   382.065,   367.453,   373.931
 377.417,   380.693,   383.058,   368.446,   374.924
 378.410,   381.686,   384.051,   369.439,   375.917
 379.403,   382.678,   385.044,   370.431,   376.909
 380.396,   383.671,   386.037,   371.424,   377.902
 381.389,   384.664,   387.030,   372.417,   378.895
 382.382,   385.657,   388.022,   373.410,   379.888
 383.374,   386.650,   389.015,   374.403,   380.881
 384.367,   387.642,   390.008,   375.396,   381.874
 385.360,   388.635,   391.001,   376.388,   382.866
 386.353,   389.628,   391.994,   377.381,   383.859
 387.346,   390.621,   392.987,   378.374,   384.852
 388.339,   391.614,   393.979,   379.367,   385.845
 389.332,   392.607,   394.972,   380.360,   386.838
 390.324,   393.599,   395.965,   381.353,   387.831
 391.317,   394.592,   396.958,   382.345,   388.823
 392.310,   395.585,   397.951,   383.338,   389.816
 393.303,   396.578,   398.944,   384.331,   390.809
 394.296,   397.571,   399.936,   385.324,   391.802
 395.288,   398.564,   400.929,   386.317,   392.795
 396.281,   399.557,   401.922,   387.310,   393.788
 397.274,   400.549,   402.915,   388.302,   394.780
 398.267,   401.542,   403.908,   389.295,   395.773
 399.260,   402.535,   404.901,   390.288,   396.766
 400.253,   403.528,   405.893,   391.281,   397.759
 401.245,   404.521,   406.886,   392.274,   398.752
 402.238,   405.513,   407.879,   393.267,   399.745
 403.231,   406.506,   408.872,   394.259,   400.737
 404.224,   407.499,   409.865,   395.252,   401.730
 405.217,   408.492,   410.858,   396.245,   402.723
 406.210,   409.485,   411.850,   397.238,   403.716
 407.203,   410.478,   412.843,   398.231,   404.709
 408.195,   411.470,   413.836,   399.224,   405.701
 409.188,   412.463,   414.829,   400.216,   406.694
 410.181,   413.456,   415.822,   401.209,   407.687
 411.174,   414.449,   416.815,   402.202,   408.680
 412.167,   415.442,   417.807,   403.195,   409.673
 413.159,   416.435,   418.800,   404.188,   410.666
 414.152,   417.428,   419.793,   405.181,   411.659
 415.145,   418.420,   420.786,   406.173,   412.651
 416.138,   419.413,   421.779,   407.166,   413.644
 417.131,   420.406,   422.772,   408.159,   414.637
 418.124,   421.399,   423.764,   409.152,   415.630
 419.116,   422.392,   424.757,   410.145,   416.623
 420.109,   423.384,   425.750,   411.138,   417.616
 421.102,   424.377,   426.743,   412.130,   418.608
 422.095,   425.370,   427.736,   413.123,   419.601
 423.088,   426.363,   428.729,   414.116,   420.594
 424.081,   427.356,   429.721,   415.109,   421.587
 425.074,   428.349,   430.714,   416.102,   422.580
 426.066,   429.341,   431.707,   417.095,   423.573
 427.059,   430.334,   432.700,   418.087,   424.565
 428.052,   431.327,   433.693,   419.080,   425.558
 429.045,   432.320,   434.686,   420.073,   426.551
 430.038,   433.313,   435.678,   421.066,   427.544
 431.030,   434.306,   436.671,   422.059,   428.537
 432.023,   435.299,   437.664,   423.052,   429.529
 433.016,   436.291,   438.657,   424.044,   430.522
 434.009,   437.284,   439.650,   425.037,   431.515
 435.002,   438.277,   440.643,   426.030,   432.508
 435.995,   439.270,   441.635,   427.023,   433.501
 436.987,   440.263,   442.628,   428.016,   434.494
 437.980,   441.255,   443.621,   429.009,   435.487
 438.973,   442.248,   444.614,   430.001,   436.479
 439.966,   443.241,   445.607,   430.994,   437.472
 440.959,   444.234,   446.600,   431.987,   438.465
 441.952,   445.227,   447.592,   432.980,   439.458
 442.944,   446.220,   448.585,   433.973,   440.451
 443.937,   447.212,   449.578,   434.965,   441.443
 444.930,   448.205,   450.571,   435.958,   442.436
 445.923,   449.198,   451.564,   436.951,   443.429
 446.916,   450.191,   452.557,   437.944,   444.422
 447.909,   451.184,   453.549,   438.937,   445.415
 448.901,   452.177,   454.542,   439.930,   446.408
 449.894,   453.170,   455.535,   440.923,   447.400
 450.887,   454.162,   456.528,   441.915,   448.393
 451.880,   455.155,   457.521,   442.908,   449.386
 452.873,   456.148,   458.514,   443.901,   450.379
 453.866,   457.141,   459.506,   444.894,   451.372
 454.858,   458.134,   460.499,   445.887,   452.365
 455.851,   459.126,   461.492,   446.880,   453.358
 456.844,   460.119,   462.485,   447.872,   454.350
 457.837,   461.112,   463.478,   448.865,   455.343
 458.830,   462.105,   464.471,   449.858,   456.336
 459.823,   463.098,   465.463,   450.851,   457.329
 460.815,   464.091,   466.456,   451.844,   458.322
 461.808,   465.083,   467.449,   452.836,   459.315
 462.801,   466.076,   468.442,   453.829,   460.307
 463.794,   467.069,   469.435,   454.822,   461.300
 464.787,   468.062,   470.428,   455.815,   462.293
 465.780,   469.055,   471.420,   456.808,   463.286
 466.772,   470.048,   472.413,   457.801,   464.279
 467.765,   471.041,   473.406,   458.794,   465.271
 468.758,   472.033,   474.399,   459.786,   466.264
 469.751,   473.026,   475.392,   460.779,   467.257
 470.744,   474.019,   476.385,   461.772,   468.250
 471.737,   475.012,   477.377,   462.765,   469.243
 472.729,   476.005,   478.370,   463.758,   470.236
 473.722,   476.997,   479.363,   464.751,   471.229
 474.715,   477.990,   480.356,   465.743,   472.221
 475.708,   478.983,   481.349,   466.736,   473.214
 476.701,   479.976,   482.342,   467.729,   474.207
 477.694,   480.969,   483.334,   468.722,   475.200
 478.686,   481.962,   484.327,   469.715,   476.193
 479.679,   482.954,   485.320,   470.707,   477.185
 480.672,   483.947,   486.313,   471.700,   478.178
 481.665,   484.940,   487.306,   472.693,   479.171
 482.658,   485.933,   488.299,   473.686,   480.164
 483.651,   486.926,   489.291,   474.679,   481.157
 484.643,   487.919,   490.284,   475.672,   482.150
 485.636,   488.911,   491.277,   476.665,   483.142
 486.629,   489.904,   492.270,   477.657,   484.135
 487.622,   490.897,   493.263,   478.650,   485.128
 488.615,   491.890,   494.256,   479.643,   486.121
 489.608,   492.883,   495.248,   480.636,   487.114
 490.600,   493.876,   496.241,   481.629,   488.107
 491.593,   494.868,   497.234,   482.622,   489.100
 492.586,   495.861,   498.227,   483.614,   490.092
 493.579,   496.854,   499.220,   484.607,   491.085
 494.572,   497.847,   500.213,   485.600,   492.078
 495.565,   498.840,   501.205,   486.593,   493.071
 496.557,   499.833,   502.198,   487.586,   494.064
 497.550,   500.825,   503.191,   488.578,   495.057
 498.543,   501.818,   504.184,   489.571,   496.049
 499.536,   502.811,   505.177,   490.564,   497.042
 500.529,   503.804,   506.170,   491.557,   498.035
 501.522,   504.797,   507.162,   492.550,   499.028
 502.514,   505.790,   508.155,   493.543,   500.021
 503.507,   506.782,   509.148,   494.536,   501.013
 504.500,   507.775,   510.141,   495.528,   502.006
 505.493,   508.768,   511.134,   496.521,   502.999
 506.486,   509.761,   512.127,   497.514,   503.992
 507.479,   510.754,   513.119,   498.507,   504.985
 508.471,   511.747,   514.112,   499.500,   505.978
 509.464,   512.740,   515.105,   500.493,   506.971
 510.457,   513.732,   516.098,   501.485,   507.963
 511.450,   514.725,   517.091,   502.478,   508.956
 512.443,   515.718,   518.084,   503.471,   509.949
 513.436,   516.711,   519.076,   504.464,   510.942
 514.428,   517.704,   520.069,   505.457,   511.935
 515.421,   518.696,   521.062,   506.450,   512.928
 516.414,   519.689,   522.055,   507.442,   513.920
 517.407,   520.682,   523.048,   508.435,   514.913
 518.400,   521.675,   524.041,   509.428,   515.906
 519.393,   522.668,   525.034,   510.421,   516.899
 520.386,   523.661,   526.026,   511.414,   517.892
 521.378,   524.654,   527.019,   512.407,   518.885
 522.371,   525.646,   528.012,   513.399,   519.878
 523.364,   526.639,   529.005,   514.392,   520.870
 524.357,   527.632,   529.998,   515.385,   521.863
 525.350,   528.625,   530.991,   516.378,   522.856
 526.343,   529.618,   531.983,   517.371,   523.849
 527.335,   530.611,   532.976,   518.364,   524.842
 528.328,   531.603,   533.969,   519.357,   525.835
 529.321,   532.596,   534.962,   520.349,   526.827
 530.314,   533.589,   535.955,   521.342,   527.820
 531.307,   534.582,   536.948,   522.335,   528.813
 532.300,   535.575,   537.940,   523.328,   529.806
 533.293,   536.568,   538.933,   524.321,   530.799
 534.285,   537.560,   539.926,   525.314,   531.792
 535.278,   538.553,   540.919,   526.306,   532.784
 536.271,   539.546,   541.912,   527.299,   533.777
 537.264,   540.539,   542.905,   528.292,   534.770
 538.257,   541.532,   543.898,   529.285,   535.763
 539.250,   542.525,   544.890,   530.278,   536.756
 540.242,   543.518,   545.883,   531.271,   537.749
 541.235,   544.510,   546.876,   532.263,   538.742
 542.228,   545.503,   547.869,   533.256,   539.734
 543.221,   546.496,   548.862,   534.249,   540.727
 544.214,   547.489,   549.855,   535.242,   541.720
 545.207,   548.482,   550.847,   536.235,   542.713
 546.200,   549.475,   551.840,   537.228,   543.706
 547.192,   550.467,   552.833,   538.221,   544.699
 548.185,   551.460,   553.826,   539.213,   545.691
 549.178,   552.453,   554.819,   540.206,   546.684
 550.171,   553.446,   555.812,   541.199,   547.677
 551.164,   554.439,   556.805,   542.192,   548.670
 552.157,   555.432,   557.797,   543.185,   549.663
 553.149,   556.425,   558.790,   544.178,   550.656
 554.142,   557.417,   559.783,   545.170,   551.648
 555.135,   558.410,   560.776,   546.163,   552.641
 556.128,   559.403,   561.769,   547.156,   553.634
 557.121,   560.396,   562.762,   548.149,   554.627
 558.114,   561.389,   563.754,   549.142,   555.620
 559.107,   562.382,   564.747,   550.135,   556.613
 560.099,   563.374,   565.740,   551.128,   557.606
 561.092,   564.367,   566.733,   552.120,   558.598
 562.085,   565.360,   567.726,   553.113,   559.591
 563.078,   566.353,   568.719,   554.106,   560.584
 564.071,   567.346,   569.712,   555.099,   561.577
 565.064,   568.339,   570.704,   556.092,   562.570
 566.056,   569.332,   571.697,   557.085,   563.563
 567.049,   570.324,   572.690,   558.077,   564.555
 568.042,   571.317,   573.683,   559.070,   565.548
 569.035,   572.310,   574.676,   560.063,   566.541
 570.028,   573.303,   575.669,   561.056,   567.534
 571.021,   574.296,   576.661,   562.049,   568.527
 572.014,   575.289,   577.654,   563.042,   569.520
 573.006,   576.281,   578.647,   564.035,   570.513
 573.999,   577.274,   579.640,   565.027,   571.505
 574.992,   578.267,   580.633,   566.020,   572.498
 575.985,   579.260,   581.626,   567.013,   573.491
 576.978,   580.253,   582.619,   568.006,   574.484
 577.971,   581.246,   583.611,   568.999,   575.477
 578.963,   582.239,   584.604,   569.992,   576.470
 579.956,   583.231,   585.597,   570.984,   577.462
 580.949,   584.224,   586.590,   571.977,   578.455
 581.942,   585.217,   587.583,   572.970,   579.448
 582.935,   586.210,   588.576,   573.963,   580.441
 583.928,   587.203,   589.568,   574.956,   581.434
 584.921,   588.196,   590.561,   575.949,   582.427
 585.913,   589.188,   591.554,   576.942,   583.419
 586.906,   590.181,   592.547,   577.934,   584.412
 587.899,   591.174,   593.540,   578.927,   585.405
 588.892,   592.167,   594.533,   579.920,   586.398
 589.885,   593.160,   595.526,   580.913,   587.391
 590.878,   594.153,   596.518,   581.906,   588.384
 591.870,   595.146,   597.511,   582.899,   589.377
 592.863,   596.138,   598.504,   583.891,   590.369
 593.856,   597.131,   599.497,   584.884,   591.362
 594.849,   598.124,   600.490,   585.877,   592.355
 595.842,   599.117,   601.483,   586.870,   593.348
 596.835,   600.110,   602.475,   587.863,   594.341
 597.828,   601.103,   603.468,   588.856,   595.334
 598.820,   602.095,   604.461,   589.849,   596.326
 599.813,   603.088,   605.454,   590.841,   597.319
 600.806,   604.081,   606.447,   591.834,   598.312
 601.799,   605.074,   607.440,   592.827,   599.305
 602.792,   606.067,   608.433,   593.820,   600.298
 603.785,   607.060,   609.425,   594.813,   601.291
 604.777,   608.053,   610.418,   595.806,   602.284
 605.770,   609.045,   611.411,   596.798,   603.276
 606.763,   610.038,   612.404,   597.791,   604.269
 607.756,   611.031,   613.397,   598.784,   605.262
 608.749,   612.024,   614.390,   599.777,   606.255
 609.742,   613.017,   615.382,   600.770,   607.248
 610.734,   614.010,   616.375,   601.763,   608.241
 611.727,   615.002,   617.368,   602.756,   609.233
 612.720,   615.995,   618.361,   603.748,   610.226
 613.713,   616.988,   619.354,   604.741,   611.219
 614.706,   617.981,   620.347,   605.734,   612.212
 615.699,   618.974,   621.340,   606.727,   613.205
 616.692,   619.967,   622.332,   607.720,   614.198
 617.684,   620.960,   623.325,   608.713,   615.191
 618.677,   621.952,   624.318,   609.705,   616.183
 619.670,   622.945,   625.311,   610.698,   617.176
 620.663,   623.938,   626.304,   611.691,   618.169
 621.656,   624.931,   627.297,   612.684,   619.162
 622.649,   625.924,   628.289,   613.677,   620.155
 623.641,   626.917,   629.282,   614.670,   621.148
 624.634,   627.909,   630.275,   615.663,   622.140
 625.627,   628.902,   631.268,   616.655,   623.133
 626.620,   629.895,   632.261,   617.648,   624.126
 627.613,   630.888,   633.254,   618.641,   625.119
 628.606,   631.881,   634.247,   619.634,   626.112
 629.599,   632.874,   635.239,   620.627,   627.105
 630.591,   633.867,   636.232,   621.620,   628.098
 631.584,   634.859,   637.225,   622.612,   629.090
 632.577,   635.852,   638.218,   623.605,   630.083
 633.570,   636.845,   639.211,   624.598,   631.076
 634.563,   637.838,   640.204,   625.591,   632.069
 635.556,   638.831,   641.196,   626.584,   633.062
 636.548,   639.824,   642.189,   627.577,   634.055
 637.541,   640.816,   643.182,   628.570,   635.047
 638.534,   641.809,   644.175,   629.562,   636.040
 639.527,   642.802,   645.168,   630.555,   637.033
 640.520,   643.795,   646.161,   631.548,   638.026
 641.513,   644.788,   647.154,   632.541,   639.019
 642.505,   645.781,   648.146,   633.534,   640.012
 643.498,   646.773,   649.139,   634.527,   641.005
 644.491,   647.766,   650.132,   635.519,   641.997
 645.484,   648.759,   651.125,   636.512,   642.990
 646.477,   649.752,   652.118,   637.505,   643.983
 647.470,   650.745,   653.111,   638.498,   644.976
 648.463,   651.738,   654.103,   639.491,   645.969
 649.455,   652.731,   655.096,   640.484,   646.962
 650.448,   653.723,   656.089,   641.477,   647.954
 651.441,   654.716,   657.082,   642.469,   648.947
 652.434,   655.709,   658.075,   643.462,   649.940
 653.427,   656.702,   659.068,   644.455,   650.933
 654.420,   657.695,   660.060,   645.448,   651.926
 655.412,   658.688,   661.053,   646.441,   652.919
 656.405,   659.680,   662.046,   647.434,   653.912
 657.398,   660.673,   663.039,   648.426,   654.904
 658.391,   661.666,   664.032,   649.419,   655.897
 659.384,   662.659,   665.025,   650.412,   656.890
 660.377,   663.652,   666.018,   651.405,   657.883
 661.370,   664.645,   667.010,   652.398,   658.876
 662.362,   665.638,   668.003,   653.391,   659.869
 663.355,   666.630,   668.996,   654.383,   660.861
 664.348,   667.623,   669.989,   655.376,   661.854
 665.341,   668.616,   670.982,   656.369,   662.847
 666.334,   669.609,   671.975,   657.362,   663.840
 667.327,   670.602,   672.967,   658.355,   664.833
 668.319,   671.595,   673.960,   659.348,   665.826
 669.312,   672.587,   674.953,   660.341,   666.819
 670.305,   673.580,   675.946,   661.333,   667.811
 671.298,   674.573,   676.939,   662.326,   668.804
 672.291,   675.566,   677.932,   663.319,   669.797
 673.284,   676.559,   678.924,   664.312,   670.790
 674.276,   677.552,   679.917,   665.305,   671.783
 675.269,   678.544,   680.910,   666.298,   672.776
 676.262,   679.537,   681.903,   667.290,   673.768
 677.255,   680.530,   682.896,   668.283,   674.761
 678.248,   681.523,   683.889,   669.276,   675.754
 679.241,   682.516,   684.882,   670.269,   676.747
 680.234,   683.509,   685.874,   671.262,   677.740
 681.226,   684.502,   686.867,   672.255,   678.733
 682.219,   685.494,   687.860,   673.247,   679.726
 683.212,   686.487,   688.853,   674.240,   680.718
 684.205,   687.480,   689.846,   675.233,   681.711
 685.198,   688.473,   690.839,   676.226,   682.704
 686.191,   689.466,   691.831,   677.219,   683.697
 687.183,   690.459,   692.824,   678.212,   684.690
 688.176,   691.451,   693.817,   679.205,   685.683
 689.169,   692.444,   694.810,   680.197,   686.675
 690.162,   693.437,   695.803,   681.190,   687.668
 691.155,   694.430,   696.796,   682.183,   688.661
 692.148,   695.423,   697.789,   683.176,   689.654
 693.141,   696.416,   698.781,   684.169,   690.647
 694.133,   697.409,   699.774,   685.162,   691.640
 695.126,   698.401,   700.767,   686.154,   692.633
 696.119,   699.394,   701.760,   687.147,   693.625
 697.112,   700.387,   702.753,   688.140,   694.618
 698.105,   701.380,   703.746,   689.133,   695.611
 699.098,   702.373,   704.738,   690.126,   696.604
 700.090,   703.366,   705.731,   691.119,   697.597
 701.083,   704.358,   706.724,   692.112,   698.590
 702.076,   705.351,   707.717,   693.104,   699.582
 703.069,   706.344,   708.710,   694.097,   700.575
 704.062,   707.337,   709.703,   695.090,   701.568
 705.055,   708.330,   710.695,   696.083,   702.561
 706.048,   709.323,   711.688,   697.076,   703.554
 707.040,   710.315,   712.681,   698.069,   704.547
 708.033,   711.308,   713.674,   699.061,   705.539
 709.026,   712.301,   714.667,   700.054,   706.532
 710.019,   713.294,   715.660,   701.047,   707.525
 711.012,   714.287,   716.653,   702.040,   708.518
 712.005,   715.280,   717.645,   703.033,   709.511
 712.997,   716.273,   718.638,   704.026,   710.504
 713.990,   717.265,   719.631,   705.018,   711.497
 714.983,   718.258,   720.624,   706.011,   712.489
 715.976,   719.251,   721.617,   707.004,   713.482
 716.969,   720.244,   722.610,   707.997,   714.475
 717.962,   721.237,   723.602,   708.990,   715.468
 718.955,   722.230,   724.595,   709.983,   716.461
 719.947,   723.222,   725.588,   710.976,   717.454
 720.940,   724.215,   726.581,   711.968,   718.446
 721.933,   725.208,   727.574,   712.961,   719.439
 722.926,   726.201,   728.567,   713.954,   720.432
 723.919,   727.194,   729.560,   714.947,   721.425
 724.912,   728.187,   730.552,   715.940,   722.418
 725.904,   729.180,   731.545,   716.933,   723.411
 726.897,   730.172,   732.538,   717.925,   724.404
 727.890,   731.165,   733.531,   718.918,   725.396
 728.883,   732.158,   734.524,   719.911,   726.389
 729.876,   733.151,   735.517,   720.904,   727.382
 730.869,   734.144,   736.509,   721.897,   728.375
 731.862,   735.137,   737.502,   722.890,   729.368
 732.854,   736.129,   738.495,   723.883,   730.361
 733.847,   737.122,   739.488,   724.875,   731.353
 734.840,   738.115,   740.481,   725.868,   732.346
 735.833,   739.108,   741.474,   726.861,   733.339
 736.826,   740.101,   742.467,   727.854,   734.332
 737.819,   741.094,   743.459,   728.847,   735.325
 738.811,   742.087,   744.452,   729.840,   736.318
 739.804,   743.079,   745.445,   730.832,   737.310
 740.797,   744.072,   746.438,   731.825,   738.303
 741.790,   745.065,   747.431,   732.818,   739.296
 742.783,   746.058,   748.424,   733.811,   740.289
 743.776,   747.051,   749.417,   734.804,   741.282
 744.769,   748.044,   750.409,   735.797,   742.275
 745.761,   749.036,   751.402,   736.790,   743.268
 746.754,   750.029,   752.395,   737.782,   744.260
 747.747,   751.022,   753.388,   738.775,   745.253
 748.740,   752.015,   754.381,   739.768,   746.246
 749.733,   753.008,   755.374,   740.761,   747.239
 750.726,   754.001,   756.366,   741.754,   748.232
 751.718,   754.994,   757.359,   742.747,   749.225
 752.711,   755.986,   758.352,   743.739,   750.217
 753.704,   756.979,   759.345,   744.732,   751.210
 754.697,   757.972,   760.338,   745.725,   752.203
 755.690,   758.965,   761.331,   746.718,   753.196
 756.683,   759.958,   762.324,   747.711,   754.189
 757.676,   760.951,   763.316,   748.704,   755.182
 758.668,   761.943,   764.309,   749.697,   756.174
 759.661,   762.936,   765.302,   750.689,   757.167
 760.654,   763.929,   766.295,   751.682,   758.160
 761.647,   764.922,   767.288,   752.675,   759.153
 762.640,   765.915,   768.281,   753.668,   760.146
 763.633,   766.908,   769.273,   754.661,   761.139
 764.625,   767.901,   770.266,   755.654,   762.132
 765.618,   768.893,   771.259,   756.646,   763.124
 766.611,   769.886,   772.252,   757.639,   764.117
 767.604,   770.879,   773.245,   758.632,   765.110
 768.597,   771.872,   774.238,   759.625,   766.103
 769.590,   772.865,   775.231,   760.618,   767.096
 770.583,   773.858,   776.223,   761.611,   768.089
 771.575,   774.850,   777.216,   762.604,   769.081
 772.568,   775.843,   778.209,   763.596,   770.074
 773.561,   776.836,   779.202,   764.589,   771.067
 774.554,   777.829,   780.195,   765.582,   772.060
 775.547,   778.822,   781.188,   766.575,   773.053
 776.540,   779.815,   782.180,   767.568,   774.046
 777.532,   780.808,   783.173,   768.561,   775.039
 778.525,   781.800,   784.166,   769.553,   776.031
 779.518,   782.793,   785.159,   770.546,   777.024
 780.511,   783.786,   786.152,   771.539,   778.017
 781.504,   784.779,   787.145,   772.532,   779.010
 782.497,   785.772,   788.138,   773.525,   780.003
 783.490,   786.765,   789.130,   774.518,   780.996
 784.482,   787.757,   790.123,   775.511,   781.988
 785.475,   788.750,   791.116,   776.503,   782.981
 786.468,   789.743,   792.109,   777.496,   783.974
 787.461,   790.736,   793.102,   778.489,   784.967
 788.454,   791.729,   794.095,   779.482,   785.960
 789.447,   792.722,   795.087,   780.475,   786.953
 790.439,   793.715,   796.080,   781.468,   787.946
 791.432,   794.707,   797.073,   782.460,   788.938
 792.425,   795.700,   798.066,   783.453,   789.931
 793.418,   796.693,   799.059,   784.446,   790.924
 794.411,   797.686,   800.052,   785.439,   791.917
 795.404,   798.679,   801.044,   786.432,   792.910
 796.396,   799.672,   802.037,   787.425,   793.903
 797.389,   800.664,   803.030,   788.418,   794.895
 798.382,   801.657,   804.023,   789.410,   795.888
 799.375,   802.650,   805.016,   790.403,   796.881
 800.368,   803.643,   806.009,   791.396,   797.874
 801.361,   804.636,   807.002,   792.389,   798.867
 802.354,   805.629,   807.994,   793.382,   799.860
 803.346,   806.622,   808.987,   794.375,   800.853
 804.339,   807.614,   809.980,   795.367,   801.845
 805.332,   808.607,   810.973,   796.360,   802.838
 806.325,   809.600,   811.966,   797.353,   803.831
 807.318,   810.593,   812.959,   798.346,   804.824
 808.311,   811.586,   813.951,   799.339,   805.817
 809.303,   812.579,   814.944,   800.332,   806.810
 810.296,   813.571,   815.937,   801.325,   807.802
 811.289,   814.564,   816.930,   802.317,   808.795
 812.282,   815.557,   817.923,   803.310,   809.788
 813.275,   816.550,   818.916,   804.303,   810.781
 814.268,   817.543,   819.909,   805.296,   811.774
 815.260,   818.536,   820.901,   806.289,   812.767
 816.253,   819.529,   821.894,   807.282,   813.760
 817.246,   820.521,   822.887,   808.274,   814.752
 818.239,   821.514,   823.880,   809.267,   815.745
 819.232,   822.507,   824.873,   810.260,   816.738
 820.225,   823.500,   825.866,   811.253,   817.731
 821.218,   824.493,   826.858,   812.246,   818.724
 822.210,   825.486,   827.851,   813.239,   819.717
 823.203,   826.478,   828.844,   814.232,   820.709
 824.196,   827.471,   829.837,   815.224,   821.702
 825.189,   828.464,   830.830,   816.217,   822.695
 826.182,   829.457,   831.823,   817.210,   823.688
 827.175,   830.450,   832.815,   818.203,   824.681
 828.167,   831.443,   833.808,   819.196,   825.674
 829.160,   832.435,   834.801,   820.189,   826.667
 830.153,   833.428,   835.794,   821.181,   827.659
 831.146,   834.421,   836.787,   822.174,   828.652
 832.139,   835.414,   837.780,   823.167,   829.645
 833.132,   836.407,   838.773,   824.160,   830.638
 834.125,   837.400,   839.765,   825.153,   831.631
 835.117,   838.393,   840.758,   826.146,   832.624
 836.110,   839.385,   841.751,   827.138,   833.616
 837.103,   840.378,   842.744,   828.131,   834.609
 838.096,   841.371,   843.737,   829.124,   835.602
 839.089,   842.364,   844.730,   830.117,   836.595
 840.082,   843.357,   845.722,   831.110,   837.588
 841.074,   844.350,   846.715,   832.103,   838.581
 842.067,   845.342,   847.708,   833.096,   839.574
 843.060,   846.335,   848.701,   834.088,   840.566
 844.053,   847.328,   849.694,   835.081,   841.559
 845.046,   848.321,   850.687,   836.074,   842.552
 846.039,   849.314,   851.680,   837.067,   843.545
 847.031,   850.307,   852.672,   838.060,   844.538
 848.024,   851.299,   853.665,   839.053,   845.531
 849.017,   852.292,   854.658,   840.045,   846.523
 850.010,   853.285,   855.651,   841.038,   847.516
 851.003,   854.278,   856.644,   842.031,   848.509
 851.996,   855.271,   857.637,   843.024,   849.502
 852.989,   856.264,   858.629,   844.017,   850.495
 853.981,   857.257,   859.622,   845.010,   851.488
 854.974,   858.249,   860.615,   846.003,   852.481
 855.967,   859.242,   861.608,   846.995,   853.473
 856.960,   860.235,   862.601,   847.988,   854.466
 857.953,   861.228,   863.594,   848.981,   855.459
 858.946,   862.221,   864.586,   849.974,   856.452
 859.938,   863.214,   865.579,   850.967,   857.445
 860.931,   864.206,   866.572,   851.960,   858.438
 861.924,   865.199,   867.565,   852.952,   859.430
 862.917,   866.192,   868.558,   853.945,   860.423
 863.910,   867.185,   869.551,   854.938,   861.416
 864.903,   868.178,   870.544,   855.931,   862.409
 865.896,   869.171,   871.536,   856.924,   863.402
 866.888,   870.164,   872.529,   857.917,   864.395
 867.881,   871.156,   873.565,   858.909,   865.388
 868.874,   872.149,   874.469,   859.902,   866.380
 869.867,   873.142,   875.021,   860.895,   867.373
 870.860,   874.135,   876.117,   861.888,   868.366
 871.853,   875.128,   876.947,   862.881,   869.359
 872.845,   876.121,   878.174,   863.874,   870.352
 873.838,   877.113,   879.217,   864.867,   871.345
 874.361,   878.106,   880.220,   865.859,   872.337
 875.546,   879.099,   881.407,   866.852,   873.330
 876.864,   880.092,   882.156,   867.845,   874.323
 877.839,   881.085,   882.699,   868.838,   875.316
 878.606,   882.078,   883.830,   869.831,   876.309
 879.721,   883.070,   885.024,   870.824,   877.302
 881.078,   884.430,   886.178,   871.816,   878.294
 881.552,   885.096,   887.325,   872.809,   879.287
 882.691,   886.305,   888.115,   873.802,   880.280
 883.446,   887.468,   888.912,   874.795,   881.273
 884.471,   888.277,   889.992,   875.788,   882.266
 885.860,   889.209,   891.001,   876.781,   883.259
 886.506,   889.776,   892.090,   877.773,   884.252
 887.377,   891.000,   892.843,   878.766,   885.244
 888.480,   891.790,   893.672,   879.759,   886.237
 889.545,   893.114,   894.984,   880.752,   887.230
 890.509,   894.124,   896.220,   881.745,   888.223
 891.618,   894.943,   896.767,   882.738,   889.216
 892.433,   895.765,   897.929,   883.731,   890.209
 893.501,   896.779,   898.549,   884.723,   891.201
 894.526,   897.838,   899.616,   885.716,   892.194
 895.495,   898.505,   901.171,   886.709,   893.187
 896.164,   899.989,   901.643,   887.702,   894.180
 897.633,   900.588,   902.400,   888.695,   895.173
 898.137,   901.825,   903.507,   889.688,   896.166
 899.591,   902.611,   904.658,   890.680,   897.159
 900.376,   903.605,   905.566,   891.673,   898.151
 901.312,   904.542,   906.619,   892.666,   899.144
 902.436,   905.350,   907.385,   893.659,   900.137
 903.332,   906.123,   908.488,   894.652,   901.130
 904.531,   907.557,   909.691,   895.645,   902.123
 905.506,   908.582,   910.426,   896.638,   903.116
 906.281,   909.580,   911.911,   897.630,   904.108
 907.223,   910.352,   912.470,   898.623,   905.101
 908.343,   911.071,   913.110,   899.616,   906.094
 909.226,   912.294,   914.543,   900.609,   907.087
 910.521,   913.363,   915.320,   901.602,   908.080
 911.178,   914.164,   916.107,   902.595,   909.073
 912.481,   915.139,   917.537,   903.587,   910.065
 913.301,   916.229,   918.172,   904.580,   911.058
 914.302,   917.172,   919.409,   905.573,   912.051
 915.511,   918.045,   920.252,   906.566,   913.044
 916.452,   918.684,   921.429,   907.559,   914.037
 917.475,   919.842,   921.801,   908.552,   915.030
 918.041,   921.062,   923.157,   909.545,   916.023
 919.136,   921.811,   924.320,   910.537,   917.015
 920.612,   922.806,   925.159,   911.530,   918.008
 921.531,   923.661,   926.117,   912.523,   919.001
 922.465,   924.684,   927.254,   913.516,   919.994
 923.226,   925.642,   928.150,   914.509,   920.987
 923.983,   926.743,   929.157,   915.502,   921.980
 925.220,   927.695,   930.031,   916.494,   922.972
 926.030,   928.959,   930.903,   917.487,   923.965
 927.065,   929.729,   932.046,   918.480,   924.958
 928.200,   930.740,   933.277,   919.473,   925.951
 929.070,   931.436,   934.084,   920.466,   926.944
 930.179,   932.942,   935.431,   921.459,   927.937
 930.938,   933.834,   936.164,   922.452,   928.930
 932.077,   934.429,   937.054,   923.444,   929.922
 933.041,   935.732,   937.877,   924.437,   930.915
 934.121,   936.711,   938.678,   925.430,   931.908
 934.725,   937.555,   940.389,   926.423,   932.901
 935.961,   938.407,   940.952,   927.416,   933.894
 936.997,   939.210,   942.057,   928.409,   934.887
 937.852,   940.495,   942.792,   929.401,   935.879
 938.744,   941.599,   943.820,   930.394,   936.872
 939.653,   942.675,   944.472,   931.387,   937.865
 940.771,   943.610,   946.089,   932.380,   938.858
 941.640,   944.200,   946.968,   933.373,   939.851
 942.416,   945.408,   947.495,   934.366,   940.844
 943.448,   946.585,   948.420,   935.359,   941.836
 944.624,   947.578,   949.599,   936.351,   942.829
 945.731,   948.381,   950.687,   937.344,   943.822
 946.609,   949.402,   951.644,   938.337,   944.815
 947.434,   950.265,   952.621,   939.330,   945.808
 948.577,   951.299,   953.760,   940.323,   946.801
 949.718,   952.292,   954.594,   941.316,   947.794
 950.854,   953.237,   955.490,   942.308,   948.786
 951.404,   953.919,   956.428,   943.301,   949.779
 952.407,   955.255,   957.015,   944.294,   950.772
 953.786,   956.211,   958.253,   945.287,   951.765
 954.417,   957.017,   959.554,   946.280,   952.758
 955.348,   958.018,   960.575,   947.273,   953.751
 956.627,   959.190,   961.428,   948.266,   954.743
 957.681,   960.135,   962.226,   949.258,   955.736
 958.435,   961.167,   963.282,   949.939,   956.729
 959.330,   961.763,   964.259,   951.200,   957.722
 960.270,   963.044,   964.955,   952.176,   958.826
 961.484,   963.890,   965.947,   953.179,   959.641
 962.352,   965.273,   967.250,   954.304,   960.945
 963.592,   966.137,   968.148,   955.374,   961.834
 964.360,   967.016,   968.995,   956.240,   962.935
 965.505,   968.252,   969.864,   957.278,   964.107
 966.568,   969.079,   970.915,   958.470,   964.843
 967.544,   970.537,   971.929,   959.331,   965.920
 968.731,   971.208,   973.047,   960.448,   966.922
 969.414,   972.211,   974.242,   961.314,   968.053
 970.775,   973.217,   974.916,   962.455,   969.116
 971.344,   974.032,   976.009,   963.529,   969.662
 972.459,   974.933,   976.624,   964.327,   970.969
 973.452,   976.047,   977.594,   965.569,   971.596
 974.194,   977.029,   978.845,   966.368,   972.764
 975.454,   978.114,   980.333,   967.879,   973.495
 976.353,   979.016,   980.700,   968.656,   974.917
 977.408,   980.033,   982.120,   969.896,   975.786
 978.229,   981.031,   982.583,   970.798,   976.388
 979.198,   981.925,   983.604,   971.618,   977.623
 980.362,   983.010,   984.954,   972.789,   978.361
 981.558,   984.127,   986.017,   973.941,   979.281
 982.111,   985.015,   986.445,   974.903,   980.289
 983.137,   985.709,   987.755,   975.878,   981.517
 984.524,   986.880,   988.491,   976.917,   982.610
 985.274,   987.784,   989.717,   977.864,   983.455
 986.197,   988.870,   990.576,   978.935,   984.422
 987.261,   989.672,   991.571,   979.888,   985.509
 988.123,   990.744,   992.603,   980.972,   986.472
 989.159,   991.622,   994.100,   981.862,   987.090
 990.242,   992.485,   995.026,   982.883,   988.117
 990.988,   993.704,   995.985,   984.108,   989.499
 992.079,   994.364,   996.748,   985.365,   990.610
 993.234,   995.576,   997.995,   986.249,   991.260
 994.159,   996.340,   998.879,   987.340,   992.244
 995.076,   997.702,   999.670,   987.938,   993.462
 996.149,   998.607,  1000.590,   988.969,   994.538
 997.421,   999.612,  1001.700,   990.123,   995.422
 997.961,  1000.500,  1002.530,   991.165,   996.362
 999.097,  1001.350,  1003.770,   992.155,   997.221
1000.030,  1002.450,  1004.650,   993.138,   998.274
1001.130,  1003.560,  1005.940,   994.092,   999.244
1002.000,  1004.580,  1006.590,   995.090,  1000.170
1003.060,  1005.420,  1007.710,   996.042,  1001.510
1003.940,  1006.360,  1008.680,   997.004,  1002.320
1005.360,  1007.340,  1009.810,   997.886,  1003.200
1006.050,  1008.360,  1010.590,   998.829,  1004.300
1006.790,  1009.040,  1011.520,   999.909,  1005.360
1008.060,  1010.410,  1012.390,  1001.440,  1006.530
1008.940,  1011.370,  1013.520,  1002.280,  1007.230
1009.980,  1012.360,  1014.510,  1003.410,  1008.420
1010.570,  1013.400,  1015.640,  1004.310,  1009.070
1011.740,  1014.230,  1016.390,  1005.210,  1010.290
1013.240,  1015.360,  1017.570,  1006.450,  1011.170
1013.550,  1016.740,  1018.460,  1007.170,  1011.970
1014.500,  1017.340,  1019.350,  1008.250,  1013.370
1015.840,  1018.350,  1020.170,  1009.040,  1014.070
1016.900,  1019.450,  1021.650,  1010.350,  1015.010
